INT
INT
20308008
20308009
20308010
20308018
20308019
20308020
20308028
20308029
20308030
20308038
20308039
20308040
20308048
20308049
20308050
20308058
20308059
20308060
20308068
20308069
20308070
20308078
20308079
20308080
20308088
20308089
20308090
20308098
20308099
20308100
20308108
20308109
20308110
20308118
20308119
20308120
20308128
20308129
20308130
20308138
20308139
20308140
20308148
20308149
20308150
20308158
20308159
20308160
20308161
20308162
20308163
20308164
20308165
20308166
20308167
20308168
20308169
20308170
20308171
20308172
20308173
20308174
20308175
20308176
20308177
20308178
20308179
20308180
20308181
20308182
20308183
20308184
20308185
20308186
20308187
20308188
20308189
20308190
20308191
20308192
20308200
20308201
20308202
20308203
20308204
20600002
20600005
20600006
20600007
20600008
20600045
20600046
20800012
20800013
30308075
30308076
30308087
30308088
30308089
30308090
30308091
30308092
30308093
30308143
30309054
30309055
30309057
30309058
30309063
30309064
30309065
30309531
30309604
30309605
30309606
30309611
30309612
30309613
30309683
30309703
30309704
30309725
30309731
30309733
30309734
30309747
30309754
30309793
30309812
30309813
30309822
30309833
30309987
30310010
30310116
30501361
38002229
38002231
38002498
38002499
38002515
38002516
38002517
38002518
38002519
38002520
38002521
38002522
38002523
38002524
38002525
38002526
38002527
38002528
38002529
38002530
38002531
38002532
38002533
38002534
38002540
38002541
38002673
38002674
38002675
38002676
38002761
38002797
38003229
38003496
38003625
38003676
38003683
38003737
