INT
INT
20308010
20308020
20308030
20308040
20308050
20308060
20308070
20308080
20308090
20308100
20308110
20308120
20308130
20308140
20308150
20308160
20308161
20308162
20308163
20308164
20308165
20308166
20308167
20308168
20308169
20308170
20308171
20308172
20308173
20308174
20308175
20308176
20308177
20308178
20308179
20308180
20308181
20308182
20308183
20308184
20308185
20308186
20308187
20308188
20308189
20308190
20308191
20308192
20308202
20308203
20308204
30309058
30309065
30309531
30309606
30309613
30309683
30309704
30309725
30309747
30309754
30309793
30309822
30309833
30309987
30310010
30310116
38003496
