INT	INT	INT	INT	STRING	STRING	STRING	INT	INT
INT	INT	INT	INT	STRING	STRING	STRING	INT	INT
1	0	33	130	场景：敦煌		传送	99	2
2	0	159	287	场景：嵩山		传送	99	2
3	0	286	129	场景：雁南		传送	99	2
4	0	59	83	阿紫	剧情任务		7	5
5	0	160	134	周天师	桃李天下	任务	7	5
6	0	234	140	吴此仁	八方来客	任务	7	5
7	0	118	184	立繁	昊玉女侠	任务	7	5
8	0	252	62	卜悔琪		任务	7	5
9	0	113	75	巴天石			7	5
10	0	175	104	邱碧特	爱神	爱神	7	5
11	0	136	164	白萌生	药店老板	卖药	6	3
12	0	136	169	白颖明	药理学大师	药理	5	4
13	0	133	164	白颖中	药店老板	卖药	6	3
14	0	253	111	宝珠			7	5
15	0	122	74	北条忠胜			7	5
16	0	90	208	毕昇			7	5
17	0	158	32	蔡卞	帮会同盟	同盟	5	4
18	0	125	97	蔡丙臣			7	5
19	0	126	96	蔡京			7	5
20	0	144	68	陈夫之	结拜称号	结拜	5	4
21	0	238	152	陈寿庭			7	5
22	0	83	149	陈先生	钱庄账房	钱庄	5	4
23	0	172	90	陈永仁	领取双倍经验	领双	5	4
24	0	98	205	程安			7	5
25	0	88	205	程颢			7	5
26	0	85	208	程颐			7	5
27	0	83	155	褚先生	钱庄账房	钱庄	5	4
28	0	220	200	春儿			7	5
29	0	230	176	单正			7	5
30	0	177	176	董昌	首饰店伙计	首饰	6	3
31	0	158	181	冬冬	金币元宝寄售	寄售	5	4
32	0	255	134	窦梧桐	江湖游医	恢复	5	4
33	0	140	95	范纯仁	帮会管理	帮会	5	2
34	0	138	140	范统	酒店老板	食物	6	3
35	0	142	113	范移城	改名服务使	改名	5	4
36	0	209	152	风胡子	武器装备宗师	强化	5	4
37	0	87	155	冯先生	钱庄账房	钱庄	5	4
38	0	155	174	冯铸铁	材料加工大师	加工	5	4
39	0	193	172	符敏之	裁缝大师	裁缝	5	4
40	0	84	116	盖千鸣			7	5
41	0	198	58	高俅			7	5
42	0	110	162	龚彩丽	暗金宝箱兑换使者	兑换	5	4
43	0	268	46	关汉寿	删除角色	删号	5	4
44	0	162	237	关胜			7	5
45	0	175	64	郭天信			7	5
46	0	161	244	韩银叶	江湖游医	恢复	5	4
47	0	248	129	何灵芝	染发师傅	染发	5	4
48	0	95	152	何生财	材料商人	材料	6	3
49	0	255	106	何生富	材料商人	材料	6	3
50	0	113	63	赫连铁树			7	5
51	0	40	60	花仙			7	5
52	0	232	181	怀丙			7	5
53	0	81	117	贾威信			7	5
54	0	179	177	贾作珍	首饰店掌柜	首饰	6	3
55	0	127	154	姜鲤	酒店老板	食物	6	3
56	0	207	184	姜渔	钓鱼技能训练	钓鱼	5	4
57	0	205	172	金六爷	钱庄接应使	钱庄	5	2
58	0	109	73	金左焕			7	5
59	0	220	206	康敏			7	5
60	0	65	134	柯柏仁	江湖游医	恢复	5	4
61	0	265	44	孔宗渊	删除任务道具	删物	5	4
62	0	63	147	郎夫人	珠宝商人	宝石	6	3
63	0	256	139	雷横			7	5
64	0	134	152	李大嘴	烹饪大师	烹饪	5	4
65	0	249	111	李妈妈			7	5
66	0	253	112	李师师			7	5
67	0	212	156	林金龙	武器店伙计	武器	6	3
68	0	157	35	刘光世			7	5
69	0	150	90	刘健明	领取双倍经验	领双	5	4
70	0	219	262	刘亦农	种植学大师	种植	5	4
71	0	199	57	柳复生			7	5
72	0	100	170	龙霸天	恢复气血	恢复	5	4
73	0	60	146	龙三少	工艺技能大师	工艺	5	4
74	0	109	210	吕惠卿			7	5
75	0	112	64	努儿海			7	5
76	0	174	33	裴宣			7	5
77	0	177	184	彭怀玉	宝石工匠	宝石	5	4
78	0	112	72	朴明善			7	5
79	0	132	154	蔷薇	养生学大师	养生	5	4
80	0	230	156	乔复盛	九州商会老板	商店	6	3
81	0	225	152	乔清盛			7	5
82	0	175	115	乔致广	洛阳商人	跑商	6	3
83	0	136	185	邱行洛	捎口信任务	送信	7	5
84	0	128	98	裘兴			7	5
85	0	254	146	芮福祥	杂货店掌柜	杂货	6	3
86	0	208	213	书僮			7	5
87	0	207	212	司马光	英雄任务		7	5
88	0	162	34	苏辙			7	5
89	0	180	213	谭公			7	5
90	0	179	212	谭婆			7	5
91	0	180	185	陶得宝	服饰店伙计	服饰	6	3
92	0	121	73	藤原佐为			7	5
93	0	136	180	田骁鸣	购买新手骑乘	骑乘	6	3
94	0	159	181	汀汀	金币元宝寄售	寄售	5	4
95	0	204	57	童贯	蹴鞠大赛廉访使	蹴鞠	5	2
96	0	230	129	汪旱	九州商会传送人	传送	5	1
97	0	120	196	车传义	驿站老板	传送	5	1
98	0	213	160	王德富	铸剑师傅	铸造	5	4
99	0	210	154	王德贵	兵器店大当家	武器	6	3
100	0	271	88	王积薪	棋局接引人	棋局	5	4
101	0	212	151	薛铜锤	采矿技能大师	采矿	5	4
102	0	250	106	卫先生	钱庄账房	钱庄	5	4
103	0	139	182	吴德昌	驿站老板	传送	5	1
104	0	89	111	伍丁	易容奇货商人	易容	6	3
105	0	120	63	武田信昌			7	5
106	0	177	94	喜来乐	结婚巡游管理人	婚庆	5	4
107	0	155	107	夏侯仁	嵩山封禅台	竞技	5	2
108	0	262	53	周然	战场传送人	征讨	5	2
109	0	280	141	崔苇	战场变身恢复人	变身	5	2
110	0	110	52	萧奉先			7	5
111	0	210	201	徐惊雷			7	5
112	0	120	169	严百草	采药技能大师	采药	5	4
113	0	252	130	颜如玉	整容师傅	整容	5	4
114	0	112	202	燕青	暗器大师	暗器	5	4
115	0	250	129	燕如雪	绾发师傅	绾发	5	4
116	0	107	203	杨时			7	5
117	0	79	152	杨熙平			7	5
118	0	234	69	杨铮			7	5
119	0	118	62	耶律大石			7	5
120	0	77	54	业凡			7	5
121	0	75	70	业空			7	5
122	0	106	200	游酢			7	5
123	0	57	82	游坦之			7	5
124	0	160	101	于九莲	嵩山封禅台	竞技	5	4
125	0	40	56	月老	结婚申请	结婚	5	4
126	0	182	155	云涵儿	玄武岛传送人	玄武	5	2
127	0	182	157	云渺渺	虫鸟坊坊主	珍兽	6	3
128	0	172	141	云清清	珍兽用品商人	珍兽	6	3
129	0	67	126	张伯智			7	5
130	0	200	61	张浚			7	5
131	0	137	164	张明景	制药大师	制药	5	4
132	0	200	103	章惇	兑换平贼称号	平贼	5	4
133	0	150	114	赵半水	春节晚会点播	春晚	5	4
134	0	228	175	赵明诚	洛阳漕运使	漕运	5	4
135	0	86	89	赵钱孙			7	5
136	0	182	183	甄唯思	服饰店掌柜	服饰	6	3
137	0	77	72	智光大师			7	5
138	0	79	52	智清大师			7	5
139	0	245	96	周邦彦			7	5
140	0	63	131	朱仝			7	5
141	0	194	180	诸葛孔亮			7	5
142	0	112	51	宗喀班			7	5
143	0	120	54	宗喀达			7	5
144	0	121	55	宗赞			7	5
145	0	144	116	郭宝全	安全宣传	安全	5	3
146	0	246	129	伊天彩	时尚大师	时装	5	3
147	0	220	170	张降龙	雕纹大师	雕纹	5	3
148	0	245	130	伊桂	时尚之家	衣柜	5	3
149	0	166	108	周尚	剑会群雄	剑会	5	3
150	0	59	95	孟闯	雁门论武	雁门	5	3
151	0	256	80	朱墨文	珍宝居掌柜	商人	6	3
152	0	149	145	程苍柏	富甲天下	跑商	7	3
153	0	211	104	莫问之	天鉴灵武	灵武	5	4
154	0	59	41	王语嫣	弦音会武	弦音	5	3
155	0	59	47	段誉	执手入江湖	执手	5	3
156	0	52	47	钟灵	缘定洛阳城	缘定	5	3
157	0	40	52	卿小小	夫妻称号	称号	5	3
158	0	172	94	李清露	刀剑问情	问情	5	4
159	0	175	71	柳如馨	结缘挚友	结缘	5	4
160	0	184	214	艾方	临仙楼掌事	临仙	5	3
161	0	187	214	艾凉清	临仙楼商店	食谱	6	3
162	0	201	214	辛夷	悬壶斋掌事	悬壶	5	3
163	0	196	214	苍耳	悬壶斋商店	药方	6	3
164	0	237	214	承影	铸权宗掌事	铸权	5	3
165	0	240	214	宵练	铸权宗商店	图样	6	3
166	0	230	208	公输琢	拙巧堂掌事	拙巧	5	3
167	0	227	208	公输灵	拙巧堂商店	图纸	6	3
168	0	199	197	韩世忠	龙影古塔	龙塔	5	4
169	0	220	173	张伏虎	雕纹精绘	精绘	5	3
170	0	225	170	张笑狮	纹刻行家	纹刻	5	3
171	0	254	130	贝师师	饰物大师	饰物	5	3
172	0	68	64	菩提老祖	异世仙人	异世	5	2
173	1	32	162	场景：镜湖		传送	99	2
174	1	181	33	场景：太湖		传送	99	2
175	1	182	287	场景：西湖		传送	99	2
176	1	128	74	阿碧	剧情任务		7	5
177	1	87	140	艾虎			7	5
178	1	115	71	包不同			7	5
179	1	190	168	包世荣	饭店老板	食物	6	3
180	1	95	181	曹伙计	钱庄伙计	钱庄	5	4
181	1	96	79	晁补之			7	5
182	1	131	230	陈季常			7	5
183	1	183	263	程远志	江湖游医	恢复	5	4
184	1	265	127	楚衍			7	5
185	1	239	128	邓茂	铁匠铺传送人	传送	5	1
186	1	132	70	邓百川			7	5
187	1	111	133	范大成	宝石商人	宝石	6	3
188	1	127	74	风波恶			7	5
189	1	133	70	公冶乾			7	5
190	1	96	75	贺铸			7	5
191	1	244	215	呼延豹	水牢任务	水牢	7	5
192	1	99	155	胡繁	药品商人	卖药	6	3
193	1	251	108	花剑雨	连环副本任务	连环	5	4
194	1	186	182	梁道士	仲夏	仲夏	5	4
195	1	88	181	华伙计	钱庄伙计	钱庄	5	4
196	1	238	77	蒋平	钓鱼技能大师	钓鱼	5	4
197	1	98	181	孔伙计	钱庄伙计	钱庄	5	4
198	1	81	267	老顾			7	5
199	1	111	160	李乘风	驿站老板	传送	5	1
200	1	240	158	车传安	驿站老板	传送	5	1
201	1	191	94	李乐施	善恶值商人	善恶	6	3
202	1	224	184	范纯粹	帮会传送人	帮会	5	2
203	1	169	138	梁师成	御赐套装兑换官	御赐	5	4
204	1	178	129	林朝雄	寒玉谷传送人	寒玉	5	2
205	1	64	200	林和靖	种植大师	种植	5	4
206	1	123	112	柳金蟾			7	5
207	1	239	101	韦大叔	点石成金	点金	5	2
208	1	130	230	柳月虹	幸运抽奖大使	抽奖	5	2
209	1	234	78	陆士铮	苏州漕运使	漕运	5	4
210	1	129	76	慕容复	剧情任务		7	5
211	1	87	80	欧阳修			7	5
212	1	266	140	欧冶子	武器装备宗师	强化	5	4
213	1	266	143	欧治于	神器炼魂师	炼魂	5	4
214	1	268	213	潘浚	决斗申请处	决斗	5	4
215	1	106	111	庞安时	制药大师	制药	5	4
216	1	106	114	庞葱			7	5
217	1	85	162	平沙雁	江湖游医	恢复	5	4
218	1	62	162	钱宏宇	连环副本任务	连环	5	4
219	1	164	80	沈澄	领取双倍经验官员	领双	5	4
220	1	222	94	施妆	时装店	时装	6	3
221	1	193	138	苏剑岭	华山论剑使者	论剑	5	4
222	1	97	204	苏轼	蜜爱之约	诗情	7	5
223	1	194	128	苏双	苏州商人	跑商	6	3
224	1	173	130	隋豹鸣	比武大会报名	比武	5	4
225	1	114	72	孙山			7	5
226	1	128	173	孙子羽	杂货商人	杂货	6	3
227	1	267	116	王安石			7	5
228	1	94	177	王夫人	任务链	任务	5	4
229	1	264	126	王珪			7	5
230	1	106	109	王审芝	采药大师	采药	5	4
231	1	94	206	魏汉津			7	5
232	1	224	226	魏真			7	5
233	1	168	168	文彦博	百变脸谱	变身	5	5
234	1	127	133	吴玠	打图任务	打图	7	5
235	1	187	129	夏遂良	嵩山封禅台	竞技	5	2
236	1	96	127	小高		配方	6	3
237	1	109	135	谢尚			7	5
238	1	255	151	薛菲	高级装备修理师	修理	5	4
239	1	251	151	薛烛	铸造大师	铸造	5	4
240	1	200	83	雪竹莲	清除杀气	清心	5	4
241	1	91	181	严伙计	钱庄伙计	钱庄	5	4
242	1	270	131	梁伙计	钱庄伙计	钱庄	5	4
243	1	96	86	颜查散			7	5
244	1	211	80	余化龙	缝纫大师	裁缝	5	4
245	1	96	89	雨墨			7	5
246	1	187	147	于倩倩	蹴鞠大赛特使	蹴鞠	5	2
247	1	192	148	岳常圆			7	5
248	1	87	142	云霏霏	虫鸟坊坊主	珍兽	6	3
249	1	88	76	曾巩			7	5
250	1	109	130	曾三省	工艺大师	工艺	5	4
251	1	90	177	张进宝	元宝材料商人	材料	6	3
252	1	96	83	张耒			7	5
253	1	267	210	张树茂			7	5
254	1	259	132	张小河	采矿技能大师	采矿	5	4
255	1	251	130	张小泉	武器店老板	武器	6	3
256	1	174	147	张弈国	棋局接引人	棋局	5	4
257	1	177	179	张择端			7	5
258	1	234	227	郑天寿			7	5
259	1	189	173	智化	烹饪大师	烹饪	5	4
260	1	124	113	周敦颐			7	5
261	1	160	72	朱丹臣			7	5
262	1	181	74	朱防风	江湖游医	恢复	5	4
263	1	270	150	朱锋	制造宗师	制造	5	4
264	1	129	107	沈夜雨	水月山庄传送使	水月	5	4
265	1	237	168	祝三念	原材料商人	材料	6	3
266	1	217	88	左季高	防具店老板	服饰	6	3
267	1	129	213	左桐	乐善使者	千寻	7	2
268	1	91	84	圣火坛			7	2
269	1	217	81	左无双	饰品商人	首饰	6	3
270	1	87	143	云思儿	玄武岛传送人	玄武	5	2
271	1	248	184	云姗姗	珍兽装备	兽甲	5	3
272	1	251	184	云雪儿	珍兽装备	兽甲	5	3
273	1	141	88	安以轩	幸福公主	公主	5	3
274	1	193	144	种师道	兵行四象	四象	5	3
275	1	193	133	周仲青	剑会群雄	剑会	5	3
276	1	89	139	云深深	云家守山者	兽魂	5	3
277	1	91	144	云决决	丹心涤尘	魂尘	5	3
278	1	91	139	云晓晓	云家少女	兽魂	5	3
279	1	135	81	云兰舟	青丘引渡人	兽魂	5	3
280	1	92	134	云宸宸	魂姿天绘	兽魂	5	3
281	1	177	150	谢云亭	富甲天下	跑商	7	3
282	1	173	134	苏陶	蜜爱之约	灵犀	5	3
283	1	109	202	任肇	转性	转性	5	4
284	2	159	287	场景：洱海		传送	99	2
285	2	31	151	场景：剑阁		传送	99	2
286	2	288	151	场景：无量山		传送	99	2
287	2	160	157	赵天师	四大善人	善人	7	2
288	2	182	118	范纯礼	帮会传送人	帮会	5	2
289	2	182	141	洪大贵	领取双倍经验官员	领双	5	4
290	2	274	95	刘仲甫	棋局接引人	棋局	5	4
291	2	178	133	白崇义	嵩山封禅台	竞技	5	2
292	2	278	152	白展元	江湖游医	恢复	5	4
293	2	163	139	程青霜	天山派接引使	天山	5	2
294	2	235	228	初击平	鉴定符商人	鉴定	6	3
295	2	58	38	褚万里			7	5
296	2	90	72	崔百泉			7	5
297	2	241	137	崔逢九	驿站老板	传送	5	1
298	2	250	103	车传志	驿站老板	传送	5	1
299	2	163	129	澹台子羽	逍遥派接引使	逍遥	5	2
300	2	49	56	刀白凤			7	5
301	2	151	167	都大爽	财富大使	财富	5	4
302	2	117	157	杜子飞	烹饪大师	烹饪	5	4
303	2	110	159	杜子腾	酒店老板	食物	6	3
304	2	215	284	段延庆	剧情任务		7	5
305	2	63	36	段正淳	大理国镇南王		7	5
306	2	60	39	段正明	大理国皇帝		7	5
307	2	163	41	范骅			7	5
308	2	97	222	凤朝阳	武馆馆主	比武	5	4
309	2	100	129	傅当归	制药大师	制药	5	4
310	2	73	41	傅思归			7	5
311	2	237	279	甘宝宝			7	5
312	2	64	37	高升泰			7	5
313	2	58	133	高升祥	杂货商人	杂货	6	3
314	2	36	146	阁罗厄	西门养雕人		5	4
315	2	151	255	阁罗鲁	南门养雕人		5	4
316	2	281	146	阁罗善	东门养雕人		5	4
317	2	281	164	阁罗适	东门养雕人		5	4
318	2	209	279	阁罗兀	南门养雕人		5	4
319	2	56	134	阁罗伊	西门养雕人		5	4
320	2	277	168	公孙大叔	东门种植技能大师	种植	5	4
321	2	171	123	龚彩云	活动奖励使者	活动	5	4
322	2	77	41	古笃诚			7	5
323	2	218	110	过三锤	铸造大师	铸造	5	4
324	2	70	120	过彦之			7	5
325	2	163	136	海风子	星宿派接引弟子	星宿	5	2
326	2	81	162	韩永安	当铺老板	材料	6	3
327	2	207	172	何生金	材料商人	材料	6	3
328	2	223	171	何伙计	钱庄伙计	钱庄	5	4
329	2	75	51	华赫艮	大理司徒		7	5
330	2	238	172	黄公道	服装店掌柜	服饰	6	3
331	2	243	172	黄绫波	缝纫大师	缝纫	5	4
332	2	275	49	黄眉僧	拈花寺住持		7	5
333	2	156	132	慧易	少林寺接引僧	少林	5	2
334	2	156	136	简宁	丐帮接引长老	丐帮	5	2
335	2	156	143	王溪云	曼陀山庄接引长老	曼陀山庄	5	2
336	2	216	194	金五爷			7	5
337	2	48	55	兰兰			7	5
338	2	160	128	李工部	四大善人	善人	7	5
339	2	99	133	刘寄奴	采药大师	采药	5	4
340	2	103	132	卢三七	药店老板	药店	6	3
341	2	208	196	鲁明月	工艺大师	工艺	5	4
342	2	156	139	路三娘	峨嵋派接引姑姑	峨嵋	5	2
343	2	224	173	吕伙计	钱庄伙计	钱庄	5	4
344	2	95	223	栾彪			7	5
345	2	99	223	栾虎			7	5
346	2	219	255	米芾			7	5
347	2	107	136	木婉清	剧情任务		7	5
348	2	103	157	穆子陵	钓鱼技能	钓鱼	5	4
349	2	142	134	聂政	拜师介绍人	拜师	5	4
350	2	44	131	欧阳大叔	西门种植技能大师	种植	5	4
351	2	163	132	破贪	天龙寺接引僧	天龙	5	2
352	2	217	134	蒲良	兵器店老板	武器	6	3
353	2	145	139	钱龙	四大善人	善人	7	5
354	2	198	171	秦伙计	钱庄伙计	钱庄	5	4
355	2	39	165	芮斯	马戏团使者	马戏	5	4
356	2	256	127	申情	珍兽指导员	珍兽	5	4
357	2	186	74	沈含香	卖花姑娘	花店	6	3
358	2	222	103	沈括	英雄任务		7	5
359	2	223	176	施伙计	钱庄伙计	钱庄	5	4
360	2	163	143	石宝	明教接引使	明教	5	2
361	2	173	146	孙八爷	四大善人	善人	7	5
362	2	160	253	谭景天	江湖游医	恢复	5	4
363	2	39	152	陶先秋	江湖游医	恢复	5	4
364	2	192	131	天仙妹妹			7	5
365	2	216	117	童化铁	采矿大师	采矿	5	4
366	2	55	193	王若禹	大理漕运使	漕运	5	4
367	2	217	255	王韶			7	5
368	2	211	173	王颖	钱庄老板		5	4
369	2	209	174	蓝伙计	钱庄伙计	钱庄	5	4
370	2	213	174	霍伙计	钱庄伙计	钱庄	5	4
371	2	282	94	夏青青	蹴鞠大赛特使	蹴鞠	5	2
372	2	248	172	小钗	服饰店丫头	首饰	6	3
373	2	199	255	小乞丐			7	5
374	2	198	177	许伙计	钱庄伙计	钱庄	5	4
375	2	36	149	杨百里			7	5
376	2	156	256	杨千里			7	5
377	2	285	156	杨十里			7	5
378	2	54	266	叶二娘			7	5
379	2	198	174	尤伙计	钱庄伙计	钱庄	5	4
380	2	80	133	余助之	任务清理官	任务	5	4
381	2	265	129	云飘飘	虫鸟坊坊主	珍兽	6	3
382	2	52	267	云中鹤			7	5
383	2	224	179	张伙计	钱庄伙计	钱庄	5	4
384	2	156	129	张获	武当派接引道长	武当	5	2
385	2	55	211	张灵均	制作定位符	定位	5	4
386	2	87	163	张世平	大理商人	跑商	6	3
387	2	236	279	钟万仇			7	5
388	2	81	136	周仓	删除角色	删号	5	4
389	2	198	168	朱伙计	钱庄伙计	钱庄	5	4
390	2	50	175	付劫生	除恶务尽	除恶	5	2
391	2	139	180	无崖子	武魂	武魂	5	2
392	2	141	180	武桐	武魂	小书童	5	4
393	2	137	180	武泽	武魂	小书童	5	4
394	2	130	76	枯荣大师	杀星接引人	杀星	7	4
395	2	132	75	破尘			7	4
396	2	129	76	破凡			7	4
397	2	150	123	祝富贵	周活跃管理员	周活	5	2
398	2	243	56	扫地神僧	修炼传授人	修炼	5	2
399	2	181	75	阿里	种花得花	种花人	5	3
400	2	179	78	巴盖里	种花得花	花商	5	3
401	2	131	53	神秘商人	神秘元宝商品出售	商人	5	3
402	2	180	180	祈福天官	祈福	祈福	5	3
403	2	132	128	阿紫	门派转换	移骨	5	3
404	2	97	207	周叔彬	剑会群雄	剑会	5	3
405	2	246	229	柯慕一	科举州试主考官	科举	5	3
406	2	242	229	翰林学士	科举省试考官	科举	5	3
407	2	189	135	杨辰予	富甲天下	跑商	7	3
408	2	245	59	萧峰	往日梦境	七情刃	5	3
409	2	228	103	欧冶安	注情锻造师	七情刃	5	3
410	2	230	103	欧冶画	注情锻造师	七情刃	5	3
411	2	232	103	欧冶菡	注情锻造师	七情刃	5	3
412	2	243	56	扫地僧	雁关·无间度厄	雁关	5	3
413	3	34	55	场景：洛阳		传送	99	2
414	3	285	135	场景：少林寺		传送	99	2
415	3	286	247	场景：太湖		传送	99	2
416	3	50	179	白额虎			1	5
417	3	200	67	柴进			2	5
418	3	198	66	丁励			2	5
419	3	203	66	丁缅			2	5
420	3	60	98	恶猿			1	5
421	3	281	243	江湖游医	恢复气血	恢复	2	5
422	3	280	202	卢崖铜人			1	5
423	3	181	82	陆凝霜			2	5
424	3	183	81	陆松			2	5
425	3	128	68	门墩			1	5
426	3	46	56	索琳			2	5
427	3	282	79	铜轨			1	5
428	3	210	79	萧让			2	5
429	3	89	74	遗弃木人			1	5
430	3	246	239	遗弃铜人			1	5
431	3	196	193	颍水狼			1	5
432	4	280	32	场景：丐帮		传送	99	2
433	4	286	230	场景：光明殿		传送	99	2
434	4	91	23	场景：嵩山		传送	99	2
435	4	215	281	场景：苏州		传送	99	2
436	4	116	183	曹纯			2	5
437	4	67	77	呼延庆	水牢任务	水牢	2	5
438	4	90	29	江湖游医	恢复气血	恢复	2	5
439	4	67	78	寇循			2	5
440	4	29	200	场景：曼陀		传送	99	1
441	4	70	119	李纲			2	5
442	4	113	190	倪云			2	5
443	4	244	142	桃夭夭	桃花阵	布阵	2	2
444	4	158	190	江思璇	蜜爱任务	游船	5	3
445	5	285	44	场景：苏州		传送	99	2
446	5	38	284	场景：无量山		传送	99	2
447	5	29	232	场景：武当山		传送	99	2
448	5	199	54	齐煞云	镜湖剿匪	剿匪	2	5
449	5	108	140	阮星竹			2	5
450	6	32	176	场景：大理		传送	99	2
451	6	287	77	场景：镜湖		传送	99	2
452	6	116	32	场景：凌波洞		传送	99	2
453	6	94	286	场景：天龙寺		传送	99	2
454	6	45	167	辛仁鹏	新手指引	新手	2	3
455	6	235	131	布尔善			1	5
456	6	138	80	大黄蜂			1	5
457	6	273	210	大铁网			1	5
458	6	197	160	方光智			2	5
459	6	240	181	干光豪			2	5
460	6	87	159	高山白猿			1	5
461	6	240	173	葛光佩			2	5
462	6	271	202	龚光杰			2	5
463	6	197	153	侯光英			2	5
464	6	235	184	贾光达			2	5
465	6	178	138	剪径小贼			1	5
466	6	274	77	江湖游医	恢复气血	恢复	2	5
467	6	234	175	李光碧			2	5
468	6	190	137	芦苇草人			1	5
469	6	92	128	马五德			2	5
470	6	128	192	山蛛			1	5
471	6	202	82	闪电豹			1	5
472	6	234	176	孙光亮			2	5
473	6	133	125	王奎			2	5
474	6	133	123	王小丫			2	5
475	6	240	175	辛双清			2	5
476	6	101	143	薛大妈			2	5
477	6	111	117	薛运来			2	5
478	6	237	171	余光彦			2	5
479	6	254	171	钟灵	剧情任务		2	5
480	6	240	180	左子穆			2	5
481	7	36	286	场景：大理		传送	99	2
482	7	105	40	场景：敦煌		传送	99	2
483	7	285	172	场景：峨嵋山		传送	99	2
484	7	41	273	辛仁友	新手指引	新手	2	3
485	7	197	216	白茅草人			1	5
486	7	167	150	大脸			1	5
487	7	147	229	浮桥			1	5
488	7	209	146	鬼面侏儒			1	5
489	7	208	68	姜北			2	5
490	7	215	43	姜桂芝			2	5
491	7	221	68	姜末			2	5
492	7	220	76	姜南			2	5
493	7	110	45	江湖游医	恢复气血	恢复	2	5
494	7	263	201	时迈			2	5
495	7	279	194	时迁			2	5
496	7	65	252	蜀道白猿			1	5
497	7	67	133	蜀道黑猿			1	5
498	7	67	168	舞空			1	5
499	7	233	139	修罗小鬼			1	5
500	7	126	141	晏畿道			2	5
501	7	230	119	榆木傀儡			1	5
502	7	248	71	嬴无名	兑换秦皇套装	兑换	2	4
503	7	281	81	龙贾	秦地宫	传送	2	1
504	7	147	48	桃夭夭	桃花阵	布阵	2	2
505	8	149	38	场景：宝藏洞		传送	99	2
506	8	231	286	场景：剑阁		传送	99	2
507	8	284	146	场景：洛阳		传送	99	2
508	8	55	34	场景：天山		传送	99	2
509	8	33	277	场景：星宿海		传送	99	2
510	8	93	40	场景：西凉		传送	99	2
511	8	71	107	汪延	火焰山	传送	2	2
512	8	155	180	残破兵俑			1	5
513	8	55	63	曹延惠			2	5
514	8	249	144	曹延寿			2	5
515	8	55	202	恶猿			1	5
516	8	194	97	荒原豹			1	5
517	8	252	177	回鹘王女			2	5
518	8	227	279	江湖游医	恢复气血	恢复	2	5
519	8	62	98	鸠摩智	剧情任务		2	5
520	8	81	99	李重贵			1	5
521	8	109	261	沙漠马匪			1	5
522	8	238	165	沙坡狼			1	5
523	8	252	144	杨文广			2	5
524	8	223	216	榆木傀儡			1	5
525	8	63	90	赵行德			2	5
526	8	150	45	周德兴			2	5
527	8	63	81	朱王礼			2	5
528	8	166	95	桃夭夭	桃花阵	布阵	2	2
529	9	96	156	场景：嵩山		传送	99	2
530	9	125	88	方玄劳			99	5
531	9	38	102	洪彩云	少林派轻功传授人	轻功	5	5
532	9	96	82	慧方	少林派任务发布人	师门	5	3
533	9	93	132	慧轮	少林派传送人	传送	5	2
534	9	144	149	慕容博			99	5
535	9	70	105	潘玄耕			99	5
536	9	122	143	扫地老僧			99	5
537	9	61	57	卫玄望			99	5
538	9	39	152	萧远山			99	5
539	9	89	72	玄寂	少林派拜师人	拜师	5	4
540	9	38	98	玄慈	兑换称号物品	掌门	5	4
541	9	91	71	玄难	少林派武功传授人	武功	5	4
542	9	60	82	玄生	老虎管理员	坐骑	5	4
543	9	135	90	玄鸣	佛法技能传授人	佛法	5	4
544	9	128	86	玄渡	开光技能传授人	开光	5	4
545	9	61	62	玄澄			5	4
546	9	98	145	玄证	护寺高僧	打怪	5	4
547	9	100	127	知客僧			5	4
548	9	132	142	玄阅	罗汉武道长老	武道	5	4
549	9	73	149	玄篱	金刚武道长老	武道	5	4
550	9	132	87	玄能	门派举荐人	举贤	5	4
551	9	113	101	玄明	门派问鼎人	问鼎	5	4
552	10	91	158	场景：太湖		传送	99	2
553	10	89	100	白世镜	丐帮执法长老		99	5
554	10	93	152	欧阳果	丐帮总舵护卫	打怪	5	4
555	10	41	144	佛印			5	4
556	10	92	77	洪通	丐帮任务发布人	师门	5	3
557	10	91	98	陈孤雁	丐帮拜师人	拜师	5	3
558	10	92	64	宋慈	兑换称号物品	掌门	5	3
559	10	94	99	奚三祁	丐帮武功传授人	武功	5	3
560	10	54	86	李日越	座狼管理员	坐骑	5	3
561	10	114	91	吴长风	酿酒技能	酿酒	5	3
562	10	120	63	全冠清			99	5
563	10	131	83	上官长雨	莲花落技能传授人	莲花	99	5
564	10	112	90	吴雪娇	丐帮轻功传授人	轻功	5	4
565	10	117	61	刘竹庄			99	4
566	10	95	120	张全祥	丐帮传送人	传送	5	2
567	10	89	111	知客丐	门派指路人		5	4
568	10	129	112	杜少康	酒狂武道长老	武道	5	4
569	10	55	135	路老大	行侠武道长老	武道	5	4
570	10	46	55	蒋进酒	门派举荐人	举贤	5	4
571	10	58	59	毕世鸣	门派问鼎人	问鼎	5	4
572	11	97	173	场景：太湖		传送	99	2
573	11	133	117	方百花	明教轻功传授使	轻功	5	4
574	11	89	56	方腊			5	4
575	11	102	167	方七佛	明教传送使	传送	5	2
576	11	98	105	林岩	明教任务宣达使	师门	5	3
577	11	108	56	吕师襄	明教拜师人	拜师	5	3
578	11	98	52	林世长	兑换称号物品	掌门	5	3
579	11	109	59	庞万春	明教武功传授使	武功	5	3
580	11	64	115	邓元觉	骑乘掌管使	坐骑	5	3
581	11	87	61	仇道人	圣火术技能传授使	圣火	5	3
582	11	87	58	方天定	采火术传授使	采火	5	3
583	11	133	118	玛拉			99	5
584	11	95	161	石刚	明教守卫	打怪	5	4
585	11	101	137	余道安			99	5
586	11	93	167	知客护卫	门派指路人		5	4
587	11	50	119	莫思归	天罗武道长老	武道	5	4
588	11	131	138	林焱	血戾武道长老	武道	5	4
589	11	87	65	方万生	门派举荐人	举贤	5	4
590	11	109	63	应万秋	门派问鼎人	问鼎	5	4
591	12	95	191	场景：镜湖		传送	99	2
592	12	73	146	程若清			99	5
593	12	101	69	黄裳			99	5
594	12	65	109	静初散人	武当派轻功传授人	轻功	5	4
595	12	86	84	九天神鹤			99	5
596	12	58	73	林灵素			5	4
597	12	101	136	莫太冲	武当派传送人	传送	5	2
598	12	78	95	张中行	武当派任务发布人	师门	5	3
599	12	77	85	张玄素	武当拜师人	拜师	5	3
600	12	82	84	俞远山	武当派武功传授人	武功	5	3
601	12	101	115	张君慕	仙鹤管理员	坐骑	5	3
602	12	44	56	鹤云道人	炼丹技能传授人	炼丹	5	3
603	12	41	58	宁虚散人	道法技能传授人	道法	5	3
604	12	102	109	青冥神鹤			99	5
605	12	74	85	无极神鹤			99	5
606	12	100	181	萧天逸	护山道人	打怪	5	4
607	12	98	70	张函芝			99	5
608	12	86	181	知客道士			5	4
609	12	98	139	知客道人			5	4
610	12	49	181	碧落散人	凭虚武道长老	武道	5	4
611	12	46	130	逐浪散人	摘星武道长老	武道	5	4
612	12	84	51	张尽尘	门派举荐人	举贤	5	4
613	12	92	51	清拙道人	门派问鼎人	问鼎	5	4
614	13	95	145	场景：无量山		传送	99	2
615	13	95	88	本凡	天龙任务发布僧	师门	5	3
616	13	96	66	本因	天龙拜师人	拜师	5	3
617	13	97	67	本观	天龙武功传授僧	武功	5	3
618	13	146	95	杨白牛	马匹管理员	坐骑	5	3
619	13	64	151	本参	经脉技能传授僧	经脉	5	3
620	13	35	86	本相	制蛊技能传授僧	制蛊	5	3
621	13	99	142	本名	护寺长老	打怪	5	4
622	13	158	130	何红绫			99	5
623	13	92	126	林国清			99	5
624	13	99	120	破嗔	天龙派传送僧	传送	5	2
625	13	85	68	破痴			99	5
626	13	154	115	齐归蝶			99	5
627	13	129	153	桑飞燕			99	5
628	13	153	118	盛如兰	天龙派轻功传授人	轻功	5	4
629	13	94	126	伍忠			99	5
630	13	92	121	知客僧			5	4
631	13	58	110	本喜	龙威武道长老	武道	5	4
632	13	38	109	本然	菩天武道长老	武道	5	4
633	13	126	71	本缘	门派举荐人	举贤	5	4
634	13	155	57	本喻	门派问鼎人	问鼎	5	4
635	14	37	130	场景：无量山		传送	99	2
636	14	152	153	范百龄			99	5
637	14	44	125	公冶子长	护派弟子	打怪	5	4
638	14	69	142	李傀儡	逍遥派传送人	传送	5	2
639	14	47	71	木人傀儡			99	5
640	14	119	152	秦观	逍遥派任务发布人	师门	5	3
641	14	125	144	苏星河	逍遥派拜师人	拜师	5	3
642	14	125	142	康广陵	逍遥派武功传授人	武功	5	3
643	14	65	55	苟读	神鹿管理员	坐骑	5	3
644	14	62	68	冯阿三	奇门遁甲技能传授人	奇门	5	3
645	14	52	151	石清露	六艺风骨技能传授人	六艺	5	3
646	14	54	150	石甘霖	逍遥派轻功传授人	轻功	5	4
647	14	59	71	石人傀儡			99	5
648	14	66	65	铜人傀儡			99	5
649	14	74	150	知客弟子			5	4
650	14	110	151	艾凉河	逸仙武道长老	武道	5	4
651	14	95	127	秦烟萝	明鬼武道长老	武道	5	4
652	14	149	41	李逸生	门派举荐人	举贤	5	4
653	14	143	122	关自在	门派问鼎人	问鼎	5	4
654	15	89	156	场景：剑阁		传送	99	2
655	15	39	152	佛光凤凰			99	5
656	15	45	42	金顶凤凰			99	5
657	15	146	46	灵泉凤凰			99	5
658	15	94	147	柳三妹	守山弟子	打怪	5	4
659	15	95	86	孟龙	峨嵋派任务发布人	师门	5	3
660	15	96	51	李十二娘	峨嵋派拜师人	拜师	5	3
661	15	96	73	孟青青	兑换称号物品	掌门	5	3
662	15	98	51	崔绿华	峨嵋派武功传授人	武功	5	3
663	15	145	53	萧湘玉	凤凰管理员	坐骑	5	3
664	15	43	108	韩映雪	制符指导	制符	5	3
665	15	39	109	扈三娘	灵心术技能指导	灵心	5	3
666	15	105	58	孙二娘	峨嵋派轻功传授人	轻功	5	4
667	15	150	98	苏云风	门派举荐人	举贤	5	4
668	15	146	75	陶馨芝	门派问鼎人	问鼎	5	4
669	15	156	99	桃花仙			99	5
670	15	156	112	桃叶仙			99	5
671	15	156	106	桃枝仙			99	5
672	15	146	156	万年凤凰			99	5
673	15	97	71	小茗			99	5
674	15	94	71	小诗			99	5
675	15	86	142	杨四娘	峨嵋派传送人	传送	5	2
676	15	91	140	知客弟子			5	4
677	15	157	125	聚落花	沁芳武道长老	武道	5	4
678	15	131	100	苏戈	清音武道长老	武道	5	4
679	16	96	159	场景：敦煌		传送	99	2
680	16	90	88	出尘子	星宿派轻功传授人	轻功	5	4
681	16	142	48	大理药篓子			99	5
682	16	128	78	红玉			5	4
683	16	136	48	契丹药篓子			99	5
684	16	99	150	天狼子	星宿派传送人	传送	5	2
685	16	100	143	天璇子	护卫使	打怪	5	4
686	16	96	92	王彦	星宿派任务发布人	师门	5	3
687	16	95	75	韩世忠	星宿派拜师人	拜师	5	3
688	16	142	55	丁春秋	兑换称号物品	掌门	5	3
689	16	87	70	施全	星宿派武功传授人	武功	5	3
690	16	97	46	天鹰子	牦牛管理员	坐骑	5	3
691	16	101	89	狮吼子	引虫技能传授人	引虫	5	3
692	16	101	87	摘星子	制毒技能传授人	制毒	5	3
693	16	131	48	西域药篓子			99	5
694	16	94	151	知客使			5	4
695	16	64	144	蒿莱子	寒冥武道长老	武道	5	4
696	16	70	111	莲舟子	九厄武道长老	武道	5	4
697	16	104	68	天机子	门派举荐人	举贤	5	4
698	16	114	52	崇登子	门派问鼎人	问鼎	5	4
699	17	94	158	场景：敦煌		传送	99	2
700	17	96	148	邓婆	天山巡山使	打怪	5	4
701	17	95	60	符敏仪	天山派任务发布人	师门	5	3
702	17	91	44	梅剑	天山派拜师人	拜师	5	3
703	17	88	44	兰剑	天山派武功传授人	武功	5	3
704	17	39	71	任飞虹	神雕管理员	坐骑	5	3
705	17	123	67	石嫂	采冰术技能传授人	采冰	5	3
706	17	119	67	余婆	玄冰术技能传授人	玄冰	5	3
707	17	101	44	菊剑			5	4
708	17	90	120	乌老大	天山派传送人	传送	5	2
709	17	97	117	知客使			5	4
710	17	98	44	竹剑	天山派轻功传授人	轻功	5	4
711	17	47	102	吴森森	霜凝武道长老	武道	5	4
712	17	53	118	吴淼淼	雪隐武道长老	武道	5	4
713	17	113	46	清秋汛	门派举荐人	举贤	5	4
714	17	73	46	仇月	门派问鼎人	问鼎	5	4
715	18	33	58	场景：草原		传送	99	2
716	18	264	286	场景：洛阳		传送	99	2
717	18	34	39	场景：摩崖洞		传送	99	2
718	18	248	37	场景：雁北		传送	99	2
719	18	184	66	灰熊			1	5
720	18	253	210	金钱豹			1	5
721	18	241	74	寇封			2	5
722	18	156	163	骆奉仙			1	5
723	18	260	88	马承倩			2	5
724	18	130	49	马植			2	5
725	18	38	206	秦伯起			1	5
726	18	37	129	秦家寨喽啰			1	5
727	18	68	201	秦家寨亲兵			1	5
728	18	127	123	秦家寨探子			1	5
729	18	82	73	深水怪兽			1	5
730	18	240	262	西北狼			1	5
731	18	102	36	雁南正北校尉		城市	2	2
732	18	283	113	雁南正东校尉		城市	2	2
733	18	72	284	雁南正南校尉		城市	2	2
734	18	128	50	耶律莫哥			2	5
735	18	263	46	种世衡			2	5
736	18	242	73	周无畏			2	5
737	19	59	60	场景：草料场		传送	99	2
738	19	139	259	场景：古墓一		传送	99	2
739	19	228	280	场景：雁南		传送	99	2
740	19	153	202	八爪怪兽			1	5
741	19	184	79	打草谷辽兵			1	5
742	19	233	93	红枫熊			1	5
743	19	150	200	红枫蜘蛛			1	5
744	19	225	131	红寡妇			1	5
745	19	246	129	红铁爪			1	5
746	19	271	49	鲁平			2	5
747	19	231	203	苗庆			2	5
748	19	280	60	穆岛	兑换燕侯套装	燕侯	2	4
749	19	40	153	秦家寨护卫			1	5
750	19	36	249	秦家寨教头			1	5
751	19	163	136	秦家寨劫匪			1	5
752	19	233	192	曲端			2	5
753	19	234	24	雁北东北校尉		城市	2	2
754	19	116	29	雁北西北校尉		城市	2	2
755	19	32	128	雁北正西校尉		城市	2	2
756	19	195	41	耶律余睹			2	5
757	20	271	33	场景：长白山		传送	99	2
758	20	119	32	场景：辽西		传送	99	2
759	20	65	195	场景：水晶湖		传送	99	2
760	20	287	258	场景：雁南		传送	99	2
761	20	258	183	场景：白溪湖		传送	99	2
762	20	162	160	阿菲			2	5
763	20	161	156	阿林			2	5
764	20	77	124	白冥启			1	5
765	20	177	250	草原狼			1	5
766	20	97	281	草原西南校尉		城市	2	2
767	20	271	191	草原正东校尉		城市	2	2
768	20	66	202	草原正西校尉		城市	2	2
769	20	40	45	打草谷宋兵			1	5
770	20	275	146	端木元			1	5
771	20	199	202	老烈头			2	5
772	20	275	269	蒙古黑蜂			1	5
773	20	138	53	阮诚			2	5
774	20	190	200	阮老太太			2	5
775	20	198	202	阮实			2	5
776	20	78	246	闪电马匪			1	5
777	20	273	156	弯刀马匪			1	5
778	20	163	158	萧蔷			2	5
779	20	198	104	追风马匪			1	5
780	21	61	297	场景：草原		传送	99	2
781	21	37	211	场景：先王坟		传送	99	2
782	21	285	45	场景：雪原		传送	99	2
783	21	104	59	阿史那默谷			1	5
784	21	158	195	巴图			2	5
785	21	161	268	白狼王			1	5
786	21	164	199	伯颜			2	5
787	21	163	191	博尔伦			2	5
788	21	88	220	大黑蜂			1	5
789	21	71	96	黑衣马匪			1	5
790	21	208	59	红衣马匪			1	5
791	21	173	187	剑定	鉴定符商人	鉴定	2	3
792	21	222	70	李通			1	5
793	21	277	258	辽西东南校尉		城市	2	2
794	21	75	35	辽西西北校尉		城市	2	2
795	21	40	142	辽西正西校尉		城市	2	2
796	21	279	48	刘季	打造图商人	打造	2	3
797	21	242	52	龙胜			1	5
798	21	277	204	轻甲莽盖			1	5
799	21	217	47	萧允			1	5
800	21	170	206	耶律金			2	5
801	21	194	216	一品堂刺客			1	5
802	22	33	269	场景：草原		传送	99	1
803	22	286	73	场景：黄龙府		传送	99	1
804	22	153	107	车传仁	驿站老板	传送	2	1
805	22	116	158	冰封傀儡			1	5
806	22	216	282	长白正南校尉		城市	2	2
807	22	39	63	长白西北校尉		城市	2	2
808	22	280	154	长白正东校尉		城市	2	2
809	22	75	272	东北虎			1	5
810	22	269	270	纥石烈阿疏			1	5
811	22	57	169	黑熊			1	5
812	22	132	73	獠牙雪人			1	5
813	22	147	123	徒单福晋			2	5
814	22	234	78	完颜阿骨打			2	5
815	22	178	113	完颜讹里朵			2	5
816	22	117	108	完颜呵里布			2	5
817	22	166	94	完颜斡离不			2	5
818	22	157	127	完颜吴乞买			2	5
819	22	118	107	完颜兀术			2	5
820	22	147	121	完颜盈哥			2	5
821	22	147	120	完颜粘没喝			2	5
822	22	117	112	萧方智			2	5
823	22	201	190	雪人			1	5
824	22	230	141	雪山猎人			1	5
825	23	48	287	场景：长白山		传送	99	2
826	23	201	255	场景：雪狼湖		传送	99	2
827	23	279	201	巴伦莽盖			1	5
828	23	174	260	大黑熊			1	5
829	23	166	204	符夕颜			2	5
830	23	144	104	洪霸	宝石商人	宝石	2	3
831	23	253	285	黄龙东南校尉		城市	2	2
832	23	28	54	黄龙西北校尉		城市	2	2
833	23	290	115	黄龙正东校尉		城市	2	2
834	23	79	38	霍斯			1	5
835	23	190	48	刘傲天			2	5
836	23	46	276	慕容天狼			2	5
837	23	163	191	拓跋文			2	5
838	23	159	133	雪山狼			1	5
839	23	67	143	雪山莽盖			1	5
840	23	217	84	木云雪人			1	5
841	23	155	195	宇文苏			2	5
842	23	78	66	重甲莽盖			1	5
843	24	34	157	场景：苍山		传送	99	2
844	24	287	32	场景：大理		传送	99	2
845	24	34	279	场景：石林		传送	99	2
846	24	284	87	场景：温泉洞		传送	99	2
847	24	153	127	赤脚野人			1	5
848	24	57	73	刀琅玕			2	5
849	24	207	49	刀尧			2	5
850	24	57	75	刀璎珞			2	5
851	24	111	130	恶狼守卫			1	5
852	24	285	166	洱海正东校尉		城市	2	2
853	24	173	283	洱海正南校尉		城市	2	2
854	24	34	100	洱海正西校尉		城市	2	2
855	24	189	195	风狼			1	5
856	24	225	77	花斑豹			1	5
857	24	275	197	简丁	鉴定符商人	鉴定	2	3
858	24	134	276	狼族荆棘使			1	5
859	24	229	146	狼族探子			1	5
860	24	99	121	狼族战士			1	5
861	24	96	126	萨宁			2	5
862	24	191	269	桃夭夭	桃花阵	布阵	2	2
863	25	286	56	场景：洱海		传送	99	2
864	25	278	122	场景：野人沟		传送	99	2
865	25	48	54	场景：蜀南		传送	99	2
866	25	258	181	贝尔			1	5
867	25	37	172	苍山正西校尉		城市	2	2
868	25	294	153	苍山正东校尉		城市	2	2
869	25	146	284	苍山正南校尉		城市	2	2
870	25	52	89	长毛雪怪			1	5
871	25	264	202	迪亚			1	5
872	25	190	250	狼族神汉			1	5
873	25	138	236	狼族头人			1	5
874	25	262	198	狼族土司			1	5
875	25	158	70	狼族勇士			1	5
876	25	70	47	马兜灵	配方商人	配方	2	3
877	25	236	196	莫菲			1	5
878	25	195	113	萨都			2	5
879	25	260	182	萨鲁			2	5
880	25	164	53	孙坤	束河古镇	传送	2	1
881	25	155	205	萨玛			2	5
882	25	202	108	萨桑			2	5
883	25	76	91	萨雪			2	5
884	25	57	167	蓑衣野人			1	5
885	25	40	263	玄击金刚			1	5
886	25	47	104	雪狼			1	5
887	26	268	128	场景：洱海		传送	99	2
888	26	33	250	场景：南诏		传送	99	2
889	26	109	272	场景：树洞		传送	99	2
890	26	37	273	场景：盐湖		传送	99	2
891	26	112	34	场景：玉溪		传送	99	2
892	26	130	261	阿支			1	5
893	26	201	174	花岗狮王			1	5
894	26	76	185	花岗石人			1	5
895	26	217	147	花岗石狮			1	5
896	26	185	99	狼蛛			1	5
897	26	59	55	梁阿婆			2	5
898	26	45	44	秦红棉			2	5
899	26	226	36	石林东北校尉		城市	2	2
900	26	278	281	石林正南校尉		城市	2	2
901	26	45	177	石林正西校尉		城市	2	2
902	26	167	196	石人偃师			1	5
903	26	180	160	杨莲子			2	5
904	26	240	181	杨铁信			2	5
905	26	49	55	页岩石人			1	5
906	26	183	167	郑圆			2	5
907	26	183	166	郑君可			2	5
908	26	182	163	郑玄			2	5
909	26	273	45	棕熊			1	5
910	27	36	46	场景：石林		传送	99	2
911	27	54	167	场景：桃花源		传送	99	2
912	27	280	47	阿黑			2	5
913	27	277	44	阿依娜			2	5
914	27	246	273	大偃师			1	5
915	27	276	45	古鲁拉			2	5
916	27	57	73	剧毒狼蛛			1	5
917	27	87	258	龙血石人			1	5
918	27	46	51	萝卜			2	5
919	27	115	250	女娲石人			1	5
920	27	254	147	热布巴拉			1	5
921	27	49	51	索姆拉			2	5
922	27	222	213	偃师护法			1	5
923	27	33	251	玉溪西南校尉		城市	2	2
924	27	177	39	玉溪正北校尉		城市	2	2
925	27	197	280	玉溪正南校尉		城市	2	2
926	27	118	98	云母石人			1	5
927	28	106	285	场景：苗疆		传送	99	1
928	28	280	45	场景：石林		传送	99	1
929	28	187	43	车传福	驿站老板	传送	2	1
930	28	151	49	阿瓦			2	5
931	28	151	67	阿旺			2	5
932	28	128	50	白景武			2	5
933	28	147	47	白兰			2	5
934	28	193	95	丛林蜂			1	5
935	28	102	271	黑苗战士			1	5
936	28	282	143	黑沼豹			1	5
937	28	96	42	南诏西北校尉		城市	2	2
938	28	272	240	南诏东南校尉		城市	2	2
939	28	39	254	南诏西南校尉		城市	2	2
940	28	182	210	藤甲勇士			1	5
941	28	68	189	藤甲贼			1	5
942	28	103	210	图巴鲁			1	5
943	28	109	199	兀骨突			1	5
944	28	157	223	扬明			2	5
945	29	67	32	场景：南诏		传送	99	2
946	29	265	83	阿鼻修罗			1	5
947	29	92	266	阿会南			2	5
948	29	201	256	阿松			2	5
949	29	182	264	阿雨			2	5
950	29	205	208	厄修罗			1	5
951	29	196	161	古汉			1	5
952	29	252	260	洪天	宝石商人	宝石	2	3
953	29	250	45	苗疆东北校尉		城市	2	2
954	29	37	251	苗疆西南校尉		城市	2	2
955	29	281	160	苗疆正东校尉		城市	2	2
956	29	34	89	苗越刺客			1	5
957	29	186	271	石钟岩			2	5
958	29	37	198	万劫修罗			1	5
959	29	162	48	永夜修罗			1	5
960	29	44	40	沼泽鳄鱼			1	5
961	30	287	54	场景：龙泉		传送	99	2
962	30	42	227	场景：船坞		传送	99	2
963	30	34	50	场景：苏州		传送	99	2
964	30	265	286	场景：武夷		传送	99	2
965	30	91	45	场景：夜西湖		传送	99	2
966	30	64	240	白堤柳鬼			1	5
967	30	217	74	断桥花妖			1	5
968	30	51	184	归风庄庄客			1	5
969	30	68	48	花港毒蜂			1	5
970	30	141	47	金大坚			2	5
971	30	251	228	龙井水贼			1	5
972	30	187	256	马汉			2	5
973	30	182	209	水鬼探子			1	5
974	30	164	262	苏飞			2	5
975	30	46	55	王朝			2	5
976	30	45	267	西湖西南校尉		城市	2	2
977	30	261	231	西湖正东校尉		城市	2	2
978	30	39	139	西湖正西校尉		城市	2	2
979	30	155	55	张叔夜			2	5
980	31	172	280	场景：剑冢		传送	99	2
981	31	34	274	场景：西湖		传送	99	2
982	31	284	154	场景：清源		传送	99	2
983	31	51	115	阿青			2	5
984	31	242	255	常归云			1	5
985	31	227	47	法河			2	5
986	31	239	38	法湖			2	5
987	31	224	47	法江			2	5
988	31	207	63	法念			2	5
989	31	221	70	归风剑魄			1	5
990	31	242	162	归风庄剑师			1	5
991	31	60	194	拦路水鬼			1	5
992	31	165	137	雷焕			2	5
993	31	79	250	龙泉豹			1	5
994	31	218	282	龙泉东南校尉		城市	2	2
995	31	63	33	龙泉正北校尉		城市	2	2
996	31	35	121	龙泉正西校尉		城市	2	2
997	31	129	98	水鬼刺客			1	5
998	31	48	51	通天			1	5
999	31	150	126	翁伯之			2	5
1000	31	151	121	翁季之			2	5
1001	31	154	131	翁叔之			2	5
1002	31	174	260	凿船水鬼			1	5
1003	31	120	171	纵火水鬼			1	5
1004	32	96	44	场景：黄龙洞		传送	99	2
1005	32	283	180	场景：梅岭		传送	99	2
1006	32	248	286	场景：南海		传送	99	2
1007	32	36	33	场景：西湖		传送	99	2
1008	32	158	113	白花蜘蛛			1	5
1009	32	202	42	芙蓉			2	5
1010	32	165	213	含笑			2	5
1011	32	212	47	涧汀	鉴定符商人	鉴定	2	3
1012	32	51	229	千年冰魄			1	5
1013	32	194	52	曲阳			2	5
1014	32	169	239	山越刀客			1	5
1015	32	156	54	山越盗匪			1	5
1016	32	152	47	山越游魂			1	5
1017	32	268	244	山越战士			1	5
1018	32	50	84	深谷白猿			1	5
1019	32	258	125	树甲哨兵			1	5
1020	32	205	43	水仙			2	5
1021	32	158	143	忘尘			2	5
1022	32	254	38	武夷东北校尉		城市	2	2
1023	32	113	280	武夷正南校尉		城市	2	2
1024	32	92	172	武夷正西校尉		城市	2	2
1025	32	195	42	紫薇			2	5
1026	33	192	279	场景：苗人洞		传送	99	2
1027	33	33	275	场景：武夷		传送	99	2
1028	33	276	29	场景：清源		传送	99	2
1029	33	109	105	丛林野人			1	5
1030	33	163	284	冬刺			2	5
1031	33	162	274	甘草			2	5
1032	33	40	250	红袍蜘蛛			1	5
1033	33	161	286	荆棘			2	5
1034	33	169	240	克里斯蒂安			2	5
1035	33	230	250	流寇			1	5
1036	33	271	37	梅岭东北校尉		城市	2	2
1037	33	31	90	梅岭西北校尉		城市	2	2
1038	33	282	236	梅岭正东校尉		城市	2	2
1039	33	167	174	棚民			1	5
1040	33	222	53	山越护法			1	5
1041	33	120	71	山越祭司			1	5
1042	33	170	74	沈万三			2	5
1043	33	195	48	太阳花			2	5
1044	33	159	285	银叶			2	5
1045	33	192	70	月季			2	5
1046	34	70	188	场景：海贼洞		传送	99	1
1047	34	286	174	场景：琼州		传送	99	1
1048	34	34	36	场景：武夷		传送	99	1
1049	34	204	259	车传信	驿站老板	传送	2	1
1050	34	111	60	丁涟漪			2	5
1051	34	194	100	鳄鱼帮打手			1	5
1052	34	158	80	鳄鱼帮混混			1	5
1053	34	214	243	李老太太			2	5
1054	34	292	58	南海东北校尉		城市	2	2
1055	34	70	135	南海鳄鱼			1	5
1056	34	239	216	南海海盗			1	5
1057	34	108	227	南海西南校尉		城市	2	2
1058	34	134	40	南海正北校尉		城市	2	2
1059	34	250	186	石敢当			2	5
1060	34	165	167	石老人			1	5
1061	34	115	58	叶流凡			2	5
1062	34	265	193	岳不平			2	5
1063	34	206	237	岳仲秋			2	5
1064	35	279	286	场景：南海		传送	99	2
1065	35	169	95	鳄鱼帮杀手			1	5
1066	35	111	200	鳄鱼帮堂主			1	5
1067	35	206	218	鳄鱼帮勇士			1	5
1068	35	246	138	洪龙	宝石商人	宝石	2	3
1069	35	246	151	凌忆慈			2	5
1070	35	252	63	南海盗神			1	5
1071	35	273	52	琼州东北校尉		城市	2	2
1072	35	243	150	琼州正东校尉		城市	2	2
1073	35	80	139	琼州正西校尉		城市	2	2
1074	35	110	110	裘老七			1	5
1075	35	260	195	嗜血鳄鱼			1	5
1076	35	274	269	悠悠			2	5
1077	35	241	159	元子衿			2	5
1078	35	256	242	岳老三			2	5
1079	35	280	215	武吉	南海铸师	商人	2	5
1080	77	15	24	孟婆			99	2
1081	112	290	60	场景：圣兽山		传送	99	2
1082	112	139	206	玄武岛·镜		传送	99	2
1083	112	82	30	归佳		传送	2	2
1084	112	85	38	沙洲冷			2	2
1085	112	130	86	兔子			3	3
1086	112	169	66	乌龟			3	3
1087	112	54	65	燕子			3	3
1088	112	139	111	刺猬			3	4
1089	112	234	57	狗			3	4
1090	112	203	69	猴子			3	4
1091	112	115	122	浣熊			3	5
1092	112	200	162	狼			3	5
1093	112	175	128	松鼠			3	5
1094	112	153	157	鹦鹉			3	5
1095	112	228	166	蝙蝠			3	6
1096	112	59	151	大螳螂			3	6
1097	112	68	121	鳄鱼			3	6
1098	112	101	155	蜥蜴			3	6
1099	112	62	256	獾			4	7
1100	112	96	254	老虎			4	7
1101	112	61	218	猫头鹰			4	7
1102	112	127	254	野猪			4	7
1103	112	250	236	豹子			4	8
1104	112	192	232	冰蚕			4	8
1105	112	181	268	鸵鸟			4	8
1106	112	216	270	鹰			4	8
1107	112	216	223	北极熊			4	9
1108	112	276	121	大猩猩			4	9
1109	112	285	149	剑齿虎			4	9
1110	112	263	166	孔雀			4	9
1111	112	247	98	駮马			4	10
1112	112	275	85	剑龙			4	10
1113	112	227	92	犀牛			4	10
1114	112	107	87	云决决			2	2
1115	165	96	84	扫地僧		雁关	5	2
1116	166	18	16	场景：宝藏二		传送	99	2
1117	166	234	238	场景：敦煌		传送	99	2
1118	166	157	91	盗墓小贼			1	5
1119	166	236	230	胡德海			2	5
1120	166	34	230	护宝神兽			1	5
1121	166	175	100	孙德龙			2	5
1122	166	241	236	姚夫			2	5
1123	169	20	10	场景：宝藏三		传送	99	2
1124	169	233	236	场景：宝藏一		传送	99	2
1125	169	42	198	护宝神兽			1	5
1126	169	215	206	沙漠马匪			1	5
1127	169	236	226	姚公			2	5
1128	196	39	24	仪仗		主持	2	5
1129	196	40	71	喜来乐		传送	99	2
1130	196	45	65	李骅		礼花	6	3
1131	197	39	24	仪仗		主持	2	5
1132	197	45	73	喜来乐		传送	99	2
1133	197	48	67	李骅		礼花	6	3
1134	198	60	27	仪仗		主持	2	5
1135	198	62	72	喜来乐		传送	99	2
1136	198	65	68	李骅		礼花	6	3
1137	229	58	226	场景：辽西		传送	99	2
1138	229	53	219	周游		冰抗医生	5	4
1139	229	215	55	博拉			2	4
1140	229	59	80	豆豆			2	4
1141	229	172	25	宁令哥			2	4
1142	229	58	80	袁平			2	4
1143	229	83	37	企鹅王			1	5
1144	229	38	222	雪原狼			1	5
1145	229	50	148	银皑雪人			1	5
1146	229	168	210	雪原莽盖			1	5
1147	229	142	110	成年灵企鹅			1	5
1148	229	180	163	成年圣企鹅			1	5
1149	191	17	237	场景：宝藏二		传送	99	2
1150	191	245	16	场景：宝藏四		传送	99	2
1151	191	205	48	护宝神兽			1	5
1152	191	97	150	护宝铜人			1	5
1153	191	25	240	姚伯			2	5
1154	192	26	249	场景：宝藏三		传送	99	2
1155	192	246	22	场景：宝藏五		传送	99	2
1156	192	234	165	护宝神兽			1	5
1157	192	74	206	寻宝豪杰			1	5
1158	192	21	235	姚仲			2	5
1159	193	128	247	场景：宝藏四		传送	99	2
1160	193	123	213	洞穴石人			1	5
1161	193	127	25	木桶伯			1	5
1162	193	135	238	姚叔			2	5
1163	194	43	31	张正贵		伸冤	2	2
1164	199	23	228	场景：雁北		传送	99	2
1165	199	135	30	打草谷辽兵			1	5
1166	199	207	215	红枫熊			1	5
1167	199	221	149	红枫蜘蛛			1	5
1168	199	48	25	辽兵			1	5
1169	199	44	218	秦家寨护卫			1	5
1170	199	101	218	秦家寨教头			1	5
1171	199	162	219	秦家寨劫匪			1	5
1172	200	89	242	场景：梅岭		传送	99	2
1173	200	84	169	红袍蜘蛛			1	5
1174	200	185	43	流寇			1	5
1175	200	85	122	棚民			1	5
1176	200	121	15	山越护法			1	5
1177	200	29	100	山越祭司			1	5
1178	201	235	230	场景：玄武岛		传送	99	2
1179	201	221	150	駮马			4	5
1180	201	30	48	袋鼠			4	5
1181	201	187	98	剑龙			4	5
1182	201	161	166	犀牛			4	5
1183	201	71	207	小象			4	5
1184	201	190	230	雪貂			4	5
1185	202	69	104	场景：雁北		传送	99	2
1186	202	29	68	场景：古墓二		传送	99	2
1187	202	62	88	燕别秋	燕王古墓接引	任务	2	5
1188	202	107	94	鬼剑			1	5
1189	202	65	34	魅影偃师			1	5
1190	202	74	90	偷猎者			1	5
1191	203	106	18	场景：古墓三		传送	99	2
1192	203	87	93	场景：古墓一		传送	99	2
1193	203	45	87	石人			1	5
1194	203	45	87	树人			1	5
1195	203	101	35	岩魔			1	5
1196	204	7	24	场景：古墓二		传送	99	2
1197	204	110	114	场景：古墓四		传送	99	2
1198	204	105	104	缠丝蜘蛛王			1	5
1199	204	103	65	毒丝蜘蛛王			1	5
1200	204	64	16	墓穴毒蜂			1	5
1201	204	24	12	墓穴毒蛛			1	5
1202	205	103	10	场景：古墓三		传送	99	2
1203	205	63	52	场景：古墓五		传送	99	2
1204	205	57	35	春三十娘			1	5
1205	205	102	18	灰斑毒蛛			1	5
1206	205	66	112	吸血蝙蝠			1	5
1207	206	104	11	场景：古墓六		传送	99	2
1208	206	20	19	场景：古墓四		传送	99	2
1209	206	51	27	淬毒蛛			1	5
1210	206	104	36	伏地魔			1	5
1211	206	92	25	郭底辉	配方商人	配方	2	3
1212	206	51	27	骷髅兵			1	5
1213	207	64	60	场景：古墓七		传送	99	2
1214	207	64	116	场景：古墓五		传送	99	2
1215	207	65	44	白帝			1	5
1216	207	64	64	白帝的阴影			1	5
1217	207	44	99	鬼魂			1	5
1218	207	76	99	幽灵			1	5
1219	208	79	20	场景：古墓八		传送	99	2
1220	208	28	115	场景：古墓六		传送	99	2
1221	208	102	84	冥将			1	5
1222	208	72	29	死亡的嫔妃			1	5
1223	208	18	81	亡灵铠甲武士			1	5
1224	209	38	31	场景：古墓九		传送	99	2
1225	209	10	13	场景：古墓七		传送	99	2
1226	209	27	38	火狻猊			1	5
1227	209	25	37	泥浆武士			1	5
1228	209	92	16	血饮狂刀			1	5
1229	210	14	15	场景：古墓八		传送	99	2
1230	210	94	116	驳马			1	5
1231	210	64	77	赤霄			1	5
1232	210	58	78	赤霄火魂			1	5
1233	210	33	30	熔岩石人			1	5
1234	211	24	224	场景：西湖		传送	99	2
1235	211	140	213	断桥花妖			1	5
1236	211	22	206	花港毒蜂			1	5
1237	211	208	94	流寇			1	5
1238	211	49	98	龙井水贼			1	5
1239	211	206	223	密探			1	5
1240	211	142	235	水鬼探子			1	5
1241	212	15	15	场景：龙泉		传送	99	2
1242	212	130	238	暗杀者			1	5
1243	212	195	149	大剑师			1	5
1244	212	69	194	荒野剑客			1	5
1245	212	19	39	剑齿豹			1	5
1246	212	118	36	剑灵			1	5
1247	212	43	104	剑冢刺客			1	5
1248	213	22	235	场景：雁南		传送	99	2
1249	213	17	229	摩云天	摩崖洞接引	任务	2	5
1250	213	216	176	工魂影像			1	5
1251	213	17	216	秦家寨恶霸			1	5
1252	213	114	140	秦家寨护卫使			1	5
1253	213	114	88	秦家寨头领			1	5
1254	213	106	210	秦家寨土匪			1	5
1255	213	57	226	秦家寨卫兵			1	5
1256	214	21	36	场景：苍山		传送	99	2
1257	214	202	77	狼族神汉			1	5
1258	214	204	26	狼族头人			1	5
1259	214	182	50	狼族土司			1	5
1260	214	114	99	狼族勇士			1	5
1261	214	32	72	蓑衣野人			1	5
1262	214	90	107	雪狼			1	5
1263	215	25	235	场景：洱海		传送	99	2
1264	215	84	161	赤脚野人			1	5
1265	215	47	87	风狼			1	5
1266	215	42	216	花斑豹			1	5
1267	215	175	208	狼族荆棘使			1	5
1268	215	35	27	狼族探子			1	5
1269	215	230	77	狼族战士			1	5
1270	216	108	229	场景：武夷		传送	99	2
1271	216	196	207	白花蜘蛛			1	5
1272	216	122	124	山越护法			1	5
1273	216	119	98	山越祭司			1	5
1274	216	199	163	山越战士			1	5
1275	216	107	216	深谷白猿			1	5
1276	216	113	95	树甲哨兵			1	5
1277	217	230	236	场景：草原		传送	99	2
1278	217	203	229	草原狼			1	5
1279	217	25	218	打草谷宋兵			1	5
1280	217	175	207	蒙古黑蜂			1	5
1281	217	138	178	闪电马匪			1	5
1282	217	120	83	弯刀马匪			1	5
1283	217	170	36	追风马匪			1	5
1284	218	127	19	场景：辽西		传送	99	2
1285	218	207	128	盗墓马匪			1	5
1286	218	62	32	鬼狼			1	5
1287	218	33	27	黑毒蜂			1	5
1288	218	105	74	护墓莽盖			1	5
1289	218	36	169	骷髅			1	5
1290	218	125	238	一品堂刺客			1	5
1291	219	237	18	场景：石林		传送	99	2
1292	219	50	37	花岗石人			1	5
1293	219	50	224	花岗石狮			1	5
1294	219	22	68	狼蛛			1	5
1295	219	128	191	页岩石人			1	5
1296	219	107	28	棕熊			1	5
1297	220	20	19	场景：玉溪		传送	99	2
1298	220	43	24	花斑豹			1	5
1299	220	24	61	迷人蜂			1	5
1300	220	229	175	桃根仙			1	5
1301	220	123	63	桃花仙			1	5
1302	220	93	195	桃实仙			1	5
1303	220	208	220	桃枝仙			1	5
1304	221	42	228	场景：南海		传送	99	2
1305	221	193	104	鳄鱼帮打手			1	5
1306	221	48	72	鳄鱼帮混混			1	5
1307	221	27	177	南海鳄鱼			1	5
1308	221	218	160	南海海盗			1	5
1309	221	155	155	石老人			1	5
1310	222	108	228	场景：黄龙府		传送	99	2
1311	222	143	53	巴伦莽盖			1	5
1312	222	154	217	大黑熊			1	5
1313	222	29	180	雪山狼			1	5
1314	222	184	210	雪山莽盖			1	5
1315	222	30	63	重甲莽盖			1	5
1316	235	49	23	场景：石林		传送	99	2
1317	235	231	169	场景：盐坑		传送	99	2
1318	235	32	38	丁波浪			2	5
1319	235	31	42	李若水			2	5
1320	235	176	194	王思嘉			2	5
1321	235	48	34	杨元			2	5
1322	235	51	42	宇文氏			2	5
1323	235	172	204	郑杨			2	5
1324	235	214	37	古里赤			1	5
1325	235	62	102	盐湖鳄鱼			1	5
1326	235	97	35	盐湖熊			1	5
1327	235	56	156	挖盐苦工			1	5
1328	235	150	125	挖盐木人			1	5
1329	235	66	199	偃师监工			1	5
1330	235	199	188	偃师守卫			1	5
1331	237	100	98	场景：盐湖		传送	99	2
1332	237	80	85	盐湖熊			1	5
1333	237	91	71	盐湖鳄鱼			1	5
1334	237	29	79	挖盐苦工			1	5
1335	237	64	55	挖盐木人			1	5
1336	237	89	36	偃师监工			1	5
1337	237	39	40	偃师守卫			1	5
1338	242	33	130	场景：敦煌		传送	99	2
1339	242	159	287	场景：嵩山		传送	99	2
1340	242	286	129	场景：雁南		传送	99	2
1341	242	59	83	阿紫	剧情任务		7	5
1342	242	160	134	周天师	桃李天下	任务	7	5
1343	242	234	140	吴此仁	八方来客	任务	7	5
1344	242	118	184	立繁	昊玉女侠	任务	7	5
1345	242	252	62	卜悔琪		任务	7	5
1346	242	113	75	巴天石			7	5
1347	242	175	104	邱碧特	爱神	爱神	7	5
1348	242	136	164	白萌生	药店老板	卖药	6	3
1349	242	136	169	白颖明	药理学大师	药理	5	4
1350	242	133	164	白颖中	药店老板	卖药	6	3
1351	242	253	111	宝珠			7	5
1352	242	122	74	北条忠胜			7	5
1353	242	90	208	毕昇			7	5
1354	242	158	32	蔡卞	帮会同盟	同盟	5	4
1355	242	125	97	蔡丙臣			7	5
1356	242	126	96	蔡京			7	5
1357	242	144	68	陈夫之	结拜称号	结拜	5	4
1358	242	238	152	陈寿庭			7	5
1359	242	83	149	陈先生	钱庄账房	钱庄	5	4
1360	242	172	90	陈永仁	领取双倍经验	领双	5	4
1361	242	98	205	程安			7	5
1362	242	88	205	程颢			7	5
1363	242	85	208	程颐			7	5
1364	242	83	155	褚先生	钱庄账房	钱庄	5	4
1365	242	220	200	春儿			7	5
1366	242	230	176	单正			7	5
1367	242	177	176	董昌	首饰店伙计	首饰	6	3
1368	242	158	181	冬冬	金币元宝寄售	寄售	5	4
1369	242	255	134	窦梧桐	江湖游医	恢复	5	4
1370	242	140	95	范纯仁	帮会管理	帮会	5	2
1371	242	138	140	范统	酒店老板	食物	6	3
1372	242	142	113	范移城	改名服务使	改名	5	4
1373	242	209	152	风胡子	武器装备宗师	强化	5	4
1374	242	87	155	冯先生	钱庄账房	钱庄	5	4
1375	242	155	174	冯铸铁	材料加工大师	加工	5	4
1376	242	193	172	符敏之	裁缝大师	裁缝	5	4
1377	242	84	116	盖千鸣			7	5
1378	242	198	58	高俅			7	5
1379	242	110	162	龚彩丽	暗金宝箱兑换使者	兑换	5	4
1380	242	268	46	关汉寿	删除角色	删号	5	4
1381	242	162	237	关胜			7	5
1382	242	175	64	郭天信			7	5
1383	242	161	244	韩银叶	江湖游医	恢复	5	4
1384	242	248	129	何灵芝	染发师傅	染发	5	4
1385	242	95	152	何生财	材料商人	材料	6	3
1386	242	255	106	何生富	材料商人	材料	6	3
1387	242	113	63	赫连铁树			7	5
1388	242	46	61	花仙			7	5
1389	242	232	181	怀丙			7	5
1390	242	81	117	贾威信			7	5
1391	242	179	177	贾作珍	首饰店掌柜	首饰	6	3
1392	242	127	154	姜鲤	酒店老板	食物	6	3
1393	242	207	184	姜渔	钓鱼技能训练	钓鱼	5	4
1394	242	205	172	金六爷	钱庄接应使	钱庄	5	2
1395	242	109	73	金左焕			7	5
1396	242	220	206	康敏			7	5
1397	242	65	134	柯柏仁	江湖游医	恢复	5	4
1398	242	265	44	孔宗渊	删除任务道具	删物	5	4
1399	242	63	147	郎夫人	珠宝商人	宝石	6	3
1400	242	256	139	雷横			7	5
1401	242	134	152	李大嘴	烹饪大师	烹饪	5	4
1402	242	249	111	李妈妈			7	5
1403	242	253	112	李师师			7	5
1404	242	212	156	林金龙	武器店伙计	武器	6	3
1405	242	157	35	刘光世			7	5
1406	242	150	90	刘健明	领取双倍经验	领双	5	4
1407	242	219	262	刘亦农	种植学大师	种植	5	4
1408	242	199	57	柳复生			7	5
1409	242	100	170	龙霸天	恢复气血	恢复	5	4
1410	242	60	146	龙三少	工艺技能大师	工艺	5	4
1411	242	109	210	吕惠卿			7	5
1412	242	112	64	努儿海			7	5
1413	242	174	33	裴宣			7	5
1414	242	177	184	彭怀玉	宝石工匠	宝石	5	4
1415	242	112	72	朴明善			7	5
1416	242	132	154	蔷薇	养生学大师	养生	5	4
1417	242	230	156	乔复盛	九州商会老板	商店	6	3
1418	242	225	152	乔清盛			7	5
1419	242	175	115	乔致广	洛阳商人	跑商	6	3
1420	242	136	185	邱行洛	捎口信任务	送信	7	5
1421	242	128	98	裘兴			7	5
1422	242	254	146	芮福祥	杂货店掌柜	杂货	6	3
1423	242	208	213	书僮			7	5
1424	242	207	212	司马光	英雄任务		7	5
1425	242	162	34	苏辙			7	5
1426	242	180	213	谭公			7	5
1427	242	179	212	谭婆			7	5
1428	242	180	185	陶得宝	服饰店伙计	服饰	6	3
1429	242	121	73	藤原佐为			7	5
1430	242	136	180	田骁鸣	购买新手骑乘	骑乘	6	3
1431	242	159	181	汀汀	金币元宝寄售	寄售	5	4
1432	242	204	57	童贯	蹴鞠大赛廉访使	蹴鞠	5	2
1433	242	230	129	汪旱	九州商会传送人	传送	5	1
1434	242	120	196	车传义	驿站老板	传送	5	1
1435	242	213	160	王德富	铸剑师傅	铸造	5	4
1436	242	210	154	王德贵	兵器店大当家	武器	6	3
1437	242	271	88	王积薪	棋局接引人	棋局	5	4
1438	242	212	151	薛铜锤	采矿技能大师	采矿	5	4
1439	242	250	106	卫先生	钱庄账房	钱庄	5	4
1440	242	139	182	吴德昌	驿站老板	传送	5	1
1441	242	89	111	伍丁	易容奇货商人	易容	6	3
1442	242	120	63	武田信昌			7	5
1443	242	177	94	喜来乐	结婚巡游管理人	婚庆	5	4
1444	242	155	107	夏侯仁	嵩山封禅台	竞技	5	2
1445	242	262	53	周然	战场传送人	征讨	5	2
1446	242	280	141	崔苇	战场变身恢复人	变身	5	2
1447	242	110	52	萧奉先			7	5
1448	242	210	201	徐惊雷			7	5
1449	242	120	169	严百草	采药技能大师	采药	5	4
1450	242	252	130	颜如玉	整容师傅	整容	5	4
1451	242	112	202	燕青	暗器大师	暗器	5	4
1452	242	250	129	燕如雪	绾发师傅	绾发	5	4
1453	242	107	203	杨时			7	5
1454	242	79	152	杨熙平			7	5
1455	242	234	69	杨铮			7	5
1456	242	118	62	耶律大石			7	5
1457	242	77	54	业凡			7	5
1458	242	75	70	业空			7	5
1459	242	106	200	游酢			7	5
1460	242	57	82	游坦之			7	5
1461	242	160	101	于九莲	嵩山封禅台	竞技	5	4
1462	242	40	56	月老	结婚申请	结婚	5	4
1463	242	182	155	云涵儿	玄武岛传送人	玄武	5	2
1464	242	182	157	云渺渺	虫鸟坊坊主	珍兽	6	3
1465	242	172	141	云清清	珍兽用品商人	珍兽	6	3
1466	242	67	126	张伯智			7	5
1467	242	200	61	张浚			7	5
1468	242	137	164	张明景	制药大师	制药	5	4
1469	242	200	103	章惇	兑换平贼称号	平贼	5	4
1470	242	150	114	赵半水	春节晚会点播	春晚	5	4
1471	242	228	175	赵明诚	洛阳漕运使	漕运	5	4
1472	242	86	89	赵钱孙			7	5
1473	242	182	183	甄唯思	服饰店掌柜	服饰	6	3
1474	242	77	72	智光大师			7	5
1475	242	79	52	智清大师			7	5
1476	242	245	96	周邦彦			7	5
1477	242	63	131	朱仝			7	5
1478	242	194	180	诸葛孔亮			7	5
1479	242	112	51	宗喀班			7	5
1480	242	120	54	宗喀达			7	5
1481	242	121	55	宗赞			7	5
1482	242	144	116	郭宝全	安全宣传	安全	5	3
1483	242	246	129	伊天彩	时尚大师	时装	5	3
1484	242	220	170	张降龙	雕纹大师	雕纹	5	3
1485	242	245	130	伊桂	时尚之家	衣柜	5	3
1486	242	149	145	程苍柏	富甲天下	跑商	7	3
1487	242	166	108	周尚	剑会群雄	剑会	5	3
1488	242	59	95	孟闯	雁门论武	雁门	5	3
1489	242	256	80	朱墨文	珍宝居掌柜	商人	6	3
1490	242	184	214	艾方	临仙楼掌事	临仙	5	3
1491	242	187	214	艾凉清	临仙楼商店	食谱	6	3
1492	242	201	214	辛夷	悬壶斋掌事	悬壶	5	3
1493	242	196	214	苍耳	悬壶斋商店	药方	6	3
1494	242	237	214	承影	铸权宗掌事	铸权	5	3
1495	242	240	214	宵练	铸权宗商店	图样	6	3
1496	242	230	208	公输琢	拙巧堂掌事	拙巧	5	3
1497	242	227	208	公输灵	拙巧堂商店	图纸	6	3
1498	244	20	237	传送：高昌		传送	99	2
1499	244	26	103	传送：火焰谷		传送	99	2
1500	244	223	24	哈图斯	敦煌	传送	2	2
1501	244	100	86	白映中	药店老板	药店	2	5
1502	244	228	39	彦世均	火抗医生	火抗	2	5
1503	244	107	102	阿克			2	5
1504	244	106	101	丹妮			2	5
1505	244	38	129	和卓			2	5
1506	244	144	140	洛斯			2	5
1507	244	166	110	麦雅			2	5
1508	244	63	117	邱水			2	5
1509	244	163	102	牛艾尔			2	5
1510	244	228	41	宋之问			2	5
1511	244	212	108	北方盗贼			1	5
1512	244	221	209	北方强盗			1	5
1513	244	223	69	荒原蝎			1	5
1514	244	86	215	铁翼牛			1	5
1515	244	69	51	图布	马匪头领		1	5
1516	244	38	53	西域马匪			1	5
1517	244	122	172	翼牛			1	5
1518	245	229	221	传送：火焰山		传送	99	2
1519	245	72	144	传送：迷宫		传送	99	2
1520	245	22	37	传送：楼兰		传送	99	2
1521	245	41	28	张威			2	5
1522	245	104	156	艾莫尔			2	5
1523	245	106	155	艾苏尔			2	5
1524	245	37	50	波西密			2	5
1525	245	104	155	米提亚			2	5
1526	245	148	114	庞特沁			2	5
1527	245	51	38	乔清风			2	5
1528	245	160	59	岳飞影			2	5
1529	245	43	28	张赛			2	5
1530	245	214	158	废墟恐蝎			1	5
1531	245	181	54	骷髅兵			1	5
1532	245	62	62	西域劫匪			1	5
1533	245	28	106	西域窃贼			1	5
1534	245	213	114	西域萨满			1	5
1535	245	28	214	西域巫医			1	5
1536	246	21	143	场景：大宛		传送	99	2
1537	246	298	142	场景：高昌		传送	99	2
1538	246	160	307	场景：塔里木		传送	99	2
1539	246	22	44	阿提婕	剧情任务		7	5
1540	246	233	49	艾尔迪克	材料商人	材料	6	3
1541	246	285	130	艾尼瓦尔	驿站老板	传送	5	1
1542	246	297	88	车传平	驿站老板	传送	5	1
1543	246	217	230	安托奥	武器店伙计	武器	6	3
1544	246	296	215	鲍三娘	剧情任务	峨眉	7	5
1545	246	295	238	本慈	剧情任务	天龙	7	5
1546	246	37	194	波尔	药店老板	卖药	6	3
1547	246	220	229	程咬铁	武器店老板	武器	6	3
1548	246	217	235	周十三	高级装备修理师	修理	5	4
1549	246	25	143	杜不藤	江湖游医	恢复	5	4
1550	246	162	285	杜黄藤	江湖游医	恢复	5	4
1551	246	294	143	杜青藤	江湖游医	恢复	5	4
1552	246	211	176	高阳	酒店掌柜	食物	6	3
1553	246	154	121	格鲁尔	领取双倍经验	领双	5	4
1554	246	191	119	龚彩婷	活动奖励使者	活动	5	4
1555	246	34	131	古丽	绾发师傅	绾发	5	4
1556	246	291	49	关索	剧情任务	逍遥	7	5
1557	246	292	222	红柳	剧情任务	天山	7	5
1558	246	117	34	红柳妹妹			7	5
1559	246	301	22	慧元	剧情任务	少林	7	5
1560	246	30	131	加岚	染发师傅	染发	5	4
1561	246	213	118	康斯坦丁	钱庄老板	钱庄	5	4
1562	246	279	198	克里木	宝石工匠	宝石	6	3
1563	246	30	187	兰斯洛特	制药大师	制药	5	4
1564	246	279	22	乐达道人	剧情任务	武当	7	5
1565	246	46	60	李昭郁	剧情任务		7	5
1566	246	213	172	马兰	烹饪大师	烹饪	5	4
1567	246	219	119	茅伙计	钱庄伙计	钱庄	5	4
1568	246	218	240	莫花尔彻	铸剑大师	铸造	5	4
1569	246	91	162	纳尔斯丁	工艺大师	工艺	5	4
1570	246	51	53	尼若牟	剧情任务		7	5
1571	246	28	22	帕维奇	剧情任务		7	5
1572	246	219	122	庞伙计	钱庄伙计	钱庄	5	4
1573	246	134	118	钱宏宙	冰魄神针	冰针	7	3
1574	246	47	23	芮娜	剧情任务		7	5
1575	246	61	129	萨拉	杂货商人	杂货	6	3
1576	246	283	131	马骁鸣	骆驼商人	骑乘	6	3
1577	246	193	224	程青霜	缥缈峰传送使	传送	5	1
1578	246	187	225	史嫂	配方商人	配方	6	3
1579	246	190	224	于婆	配方商人	配方	6	3
1580	246	34	194	莎伊莲	采药大师	采药	5	4
1581	246	203	33	沈婵娟	卖花姑娘	花店	6	3
1582	246	207	122	宋伙计	钱庄伙计	钱庄	5	4
1583	246	207	119	谈伙计	钱庄伙计	钱庄	5	4
1584	246	217	233	童金锤	采矿大师	采矿	5	4
1585	246	262	33	乌明沁	剧情任务		7	5
1586	246	300	49	许小象	剧情任务	丐帮	7	5
1587	246	280	49	杨沂中	剧情任务	星宿	7	5
1588	246	298	246	耶律杰绍	剧情任务		7	5
1589	246	90	92	叶航	钓鱼技能	钓鱼	5	4
1590	246	32	131	依莎	整容师傅	整容	5	4
1591	246	250	184	旖梦	缝纫大师	裁缝	5	4
1592	246	256	184	岳婉婉	服装店老板	服饰	6	3
1593	246	109	121	云兮兮	虫鸟坊坊主	珍兽	6	3
1594	246	227	162	张婵婵	首饰店老板	首饰	6	3
1595	246	73	248	张亦耕	种植学大师	种植	5	4
1596	246	21	30	赵穆	剧情任务		7	5
1597	246	23	61	朱文元	剧情任务	明教	7	5
1598	246	217	130	祝三思	当铺材料商人	材料	6	3
1599	246	287	238	宗喀布	剧情任务		7	5
1600	246	162	75	金久灵	寻宝校尉	寻宝	5	3
1601	246	295	68	何悦	楼兰连环副本	连环	5	4
1602	246	122	56	刘盾	楼兰连环副本	连环	5	4
1603	246	191	130	范纯祐	兵部左侍郎	帮会	5	2
1604	247	30	22	传送：楼兰		传送	99	2
1605	247	236	222	传送：昆仑山		传送	99	2
1606	247	104	215	传送：塔克		传送	99	2
1607	247	28	26	兰德			2	2
1608	247	20	31	阿尔金			2	5
1609	247	35	195	李柏			2	5
1610	247	30	43	罗莎			2	5
1611	247	32	42	缇娜			2	5
1612	247	40	31	西亚鲁			2	5
1613	247	30	198	张凭初			2	5
1614	247	18	179	卓贝尔			2	5
1615	247	115	38	食腐鸟			1	5
1616	247	121	98	沙尘			1	5
1617	247	77	128	沙漠野人			1	5
1618	247	142	147	沙漠鬣狗			1	5
1619	247	202	46	沙漠战士			1	5
1620	247	80	223	沙漠巫师			1	5
1621	251	68	23	传送：火焰山		传送	99	2
1622	251	39	94	北方盗贼			1	5
1623	251	50	82	北方强盗			1	5
1624	251	82	81	翼牛			1	5
1625	251	89	78	铁翼牛			1	5
1626	251	96	45	荒原蝎			1	5
1627	251	78	42	西域马匪			1	5
1628	252	105	105	传送：高昌		传送	99	2
1629	252	73	91	废墟恐蝎			1	5
1630	252	35	59	骷髅兵			1	5
1631	252	55	90	西域巫医			1	5
1632	252	50	46	西域萨满			1	5
1633	252	72	42	西域窃贼			1	5
1634	252	93	31	西域劫匪			1	5
1635	253	34	18	传送：塔里木		传送	99	2
1636	253	101	32	食腐鸟			1	5
1637	253	26	104	沙尘			1	5
1638	253	39	48	沙漠野人			1	5
1639	253	57	33	沙漠鬣狗			1	5
1640	253	101	78	沙漠战士			1	5
1641	253	84	98	沙漠巫师			1	5
1642	249	195	235	场景：楼兰		传送	99	2
1643	249	47	21	场景：撒马		传送	99	2
1644	249	20	210	场景：汗血岭		传送	99	2
1645	249	124	215	林曾			2	5
1646	249	154	210	兰索安			2	5
1647	249	232	128	苏茂			2	5
1648	249	222	135	张凭威			2	5
1649	249	123	58	辽国萨满			1	5
1650	249	212	73	耶律延			1	5
1651	249	170	186	马场守卫			1	5
1652	249	184	132	驯马师			1	5
1653	249	32	146	大宛马			1	5
1654	249	87	38	辽国战士			1	5
1655	255	96	87	场景：大宛		传送	99	2
1656	255	82	91	辽国战士			1	5
1657	255	82	56	驯马师			1	5
1658	255	51	94	辽国萨满			1	5
1659	255	40	68	大宛马			1	5
1660	255	33	41	马场守卫			1	5
1661	260	138	147	玉龙	任务NPC		7	5
1662	260	138	153	哈巴	配方出售商人	配方	6	3
1663	260	202	211	徐霞客	驿站：主城传送	传送	99	2
1664	260	65	167	金沙	任务NPC		7	5
1665	260	65	164	沧澜	任务NPC		7	5
1666	260	171	46	熊剑	武器店老板，装备鉴定	鉴定	5	4
1667	260	171	40	马麟	武器店伙计	武器	6	3
1668	260	89	165	宇文晏	采矿技能大师	采矿	5	4
1669	260	92	162	唐鸣	铸剑大师	铸造	5	4
1670	260	200	258	陈聚财	钱庄老板	钱庄	5	4
1671	260	200	253	刘伙计	钱庄伙计	钱庄	5	4
1672	260	200	263	陆伙计	钱庄伙计	钱庄	5	4
1673	260	200	248	陈墨	当铺材料商人	材料	6	3
1674	260	109	126	云芊芊	虫鸟坊坊主	珍兽	6	3
1675	260	193	128	鲍余	酒店掌柜	酒店	6	5
1676	260	192	144	郝蔡	烹饪大师	烹饪	5	4
1677	260	190	147	魏晾	采药大师	采药	5	4
1678	260	190	150	蒋明轩	制药大师	制药	5	4
1679	260	105	94	白草	药店老板	药店	6	3
1680	260	89	129	朱宝桂	首饰店老板	首饰	6	3
1681	260	81	124	班妮露	服装店老板	服装	6	3
1682	260	134	85	荆嵌实	宝石工匠	宝石	5	4
1683	260	147	119	高笑	领双	领双	5	4
1684	260	124	185	胡丛立	材料商人	材料	6	3
1685	260	158	117	温柳	杂货商人	杂货	6	3
1686	260	216	154	孙仿庄	钓鱼技能训练	钓鱼	5	4
1687	260	76	125	乔寿	缝纫大师	缝纫	5	4
1688	260	131	198	景宫逸	工艺技能大师	工艺	5	4
1689	260	282	278	张亦田	农业大师	农业	5	4
1690	260	154	130	王潇	竞技场	竞技	5	4
1691	260	25	288	李铭洋	传送（传送到苍山）	传送	99	2
1692	260	168	301	木泽	剧情任务		7	5
1693	260	172	300	木华	剧情任务		7	5
1694	260	176	301	木允	剧情任务		7	5
1695	260	161	220	露佑	剧情任务		7	5
1696	260	244	116	张泽谷	剧情任务		7	5
1697	260	141	73	余华平	剧情任务		7	5
1698	260	102	158	杨鸿若	剧情任务		7	5
1699	260	176	199	李逍	剧情任务		7	5
1700	260	176	201	李遥	剧情任务		7	5
1701	260	259	90	赵欣黎	剧情任务		7	5
1702	260	85	74	程小云	剧情任务		7	5
1703	260	86	73	钱小江	剧情任务		7	5
1704	260	84	76	丁小琳	剧情任务		7	5
1705	260	180	113	姜蓬城	剧情任务		7	5
1706	260	182	113	王漠寒	剧情任务		7	5
1707	260	242	153	绿柳哥哥	剧情任务		7	5
1708	260	150	152	李野	传送至凤凰古城	传送	99	2
1709	262	226	237	场景：剑阁		传送	99	2
1710	262	25	40	场景：地宫二		传送	99	2
1711	262	173	112	俭定	鉴定	鉴定	2	3
1712	262	229	199	高昇泰	任务NPC		2	3
1713	262	231	141	陈长老	任务NPC		2	3
1714	262	204	153	墓穴甲虫			1	5
1715	262	160	142	盗墓贼 			1	5
1716	262	109	179	地宫工匠			1	5
1717	262	57	208	幽禁守卫			1	5
1718	263	235	225	场景：地宫一		传送	99	2
1719	263	96	164	场景：地宫三		传送	99	2
1720	263	211	218	李昂辰	任务NPC		2	5
1721	263	171	230	灰袍老者	任务NPC		2	5
1722	263	50	216	秦皇精兵俑			1	5
1723	263	55	129	机关石人			1	5
1724	263	37	78	地宫幽灵			1	5
1725	263	168	155	幽灵祭祀			1	5
1726	264	237	216	场景：地宫二		传送	99	2
1727	264	213	182	秦将护卫			1	5
1728	264	41	87	秦将侍卫 			1	5
1729	264	219	94	机关守卫			1	5
1730	264	130	84	秦皇之魄			1	5
1731	182	96	158	场景：少林寺		传送	99	2
1732	182	96	110	木人喽罗			1	5
1733	182	96	80	木人精英			1	5
1734	182	40	98	木人武士			1	5
1735	184	98	159	场景：光明殿		传送	99	2
1736	184	98	124	密探先锋			1	5
1737	184	98	90	青旗探马			1	5
1738	184	98	72	蓝旗探马			1	5
1739	183	91	159	场景：丐帮		传送	99	2
1740	183	92	140	复仇恶猴			1	5
1741	183	44	114	强壮恶猴			1	5
1742	183	92	110	精壮恶猴			1	5
1743	185	95	192	场景：武当山		传送	99	2
1744	185	86	170	妖异心魔			1	5
1745	185	76	130	破嗔心魔			1	5
1746	185	46	58	杀欲心魔			1	5
1747	188	89	146	场景：峨嵋山		传送	99	2
1748	188	142	102	峨嵋白眉恶猿			1	5
1749	188	96	86	峨嵋利爪恶猿			1	5
1750	188	38	46	峨嵋凶猱			1	5
1751	189	96	142	场景：星宿海		传送	99	2
1752	189	96	126	木王蜘蛛			1	5
1753	189	118	112	水王蜘蛛			1	5
1754	189	96	86	火王蜘蛛			1	5
1755	186	96	142	场景：天龙寺		传送	99	2
1756	186	96	120	灭妖傀儡			1	5
1757	186	96	90	诛仙傀儡			1	5
1758	186	54	72	弑神傀儡			1	5
1759	190	95	148	场景：天山		传送	99	2
1760	190	96	110	天山小雪怪			1	5
1761	190	96	86	天山大雪怪			1	5
1762	190	96	50	天山雪怪王			1	5
1763	187	44	129	场景：凌波洞		传送	99	2
1764	187	52	72	腐体傀儡			1	5
1765	187	120	140	蚀心傀儡			1	5
1766	187	146	58	化魄傀儡			1	5
1767	238	32	12	胡小仙		传送	2	1
1768	238	32	45	罗青云	领取双倍经验	领双	2	4
1769	239	32	12	胡小仙		传送	2	1
1770	239	32	45	罗青云	领取双倍经验	领双	2	4
1771	240	32	12	胡小仙		传送	2	1
1772	240	32	45	罗青云	领取双倍经验	领双	2	4
1773	241	32	12	胡小仙		传送	2	1
1774	241	32	45	罗青云	领取双倍经验	领双	2	4
1775	271	32	12	剑韬	传送至洛阳	传送	2	2
1776	164	88	40	场景：西湖		传送	99	2
1777	164	79	45	凌振	轰天雷		2	3
1778	164	271	175	晁端礼			2	3
1779	164	270	187	朱敦儒			2	3
1780	164	275	183	李光			2	3
1781	164	277	187	黄庭坚			2	3
1782	164	280	183	苏轼			2	3
1783	164	279	182	朝云			2	3
1784	164	231	118	桃夭夭	桃花阵	布阵	2	2
1785	254	96	32	场景：昆仑山		传送	99	2
1786	254	28	24	仙鹿			1	3
1787	254	61	44	灵鹤			1	3
1788	254	82	82	开明兽			1	3
1789	254	59	102	小道童			1	3
1790	254	72	103	彩云仙			1	3
1791	254	39	76	灵剑士			1	3
1792	248	109	15	场景：塔里木		传送	99	2
1793	248	21	231	场景：福地		传送	99	2
1794	248	82	31	仙鹿			1	3
1795	248	201	28	灵鹤			1	3
1796	248	210	85	开明兽			1	3
1797	248	94	127	小道童			1	3
1798	248	133	195	彩云仙			1	3
1799	248	45	201	灵剑士			1	3
1800	248	25	32	卡达尔			2	3
1801	248	162	163	玉虚道长			2	3
1802	248	121	20	玉仙子			2	3
1803	248	34	23	锦瑟			2	3
1804	248	36	23	锦元			2	3
1805	248	212	154	青松			2	3
1806	248	230	153	牛老根			2	3
1807	248	222	158	阎中贺			2	3
1808	273	82	80	场景：大理		传送	99	2
1809	273	8	61	场景：大理		传送	99	2
1810	273	73	79	付劫生	除恶务尽	除恶	5	2
1811	273	10	53	付劫生	除恶务尽	除恶	5	2
1812	274	82	80	场景：大理		传送	99	2
1813	274	8	61	场景：大理		传送	99	2
1814	274	73	79	付劫生	除恶务尽	除恶	5	2
1815	274	10	53	付劫生	除恶务尽	除恶	5	2
1816	275	82	80	场景：大理		传送	99	2
1817	275	8	61	场景：大理		传送	99	2
1818	275	73	79	付劫生	除恶务尽	除恶	5	2
1819	275	10	53	付劫生	除恶务尽	除恶	5	2
1820	276	82	80	场景：大理		传送	99	2
1821	276	8	61	场景：大理		传送	99	2
1822	276	73	79	付劫生	除恶务尽	除恶	5	2
1823	276	10	53	付劫生	除恶务尽	除恶	5	2
1824	277	82	80	场景：大理		传送	99	2
1825	277	8	61	场景：大理		传送	99	2
1826	277	73	79	付劫生	除恶务尽	除恶	5	2
1827	277	10	53	付劫生	除恶务尽	除恶	5	2
1828	278	82	80	场景：大理		传送	99	2
1829	278	8	61	场景：大理		传送	99	2
1830	278	73	79	付劫生	除恶务尽	除恶	5	2
1831	278	10	53	付劫生	除恶务尽	除恶	5	2
1832	279	82	80	场景：大理		传送	99	2
1833	279	8	61	场景：大理		传送	99	2
1834	279	73	79	付劫生	除恶务尽	除恶	5	2
1835	279	10	53	付劫生	除恶务尽	除恶	5	2
1836	280	67	40	王大恭	据点一传送人	传送	2	2
1837	280	244	26	郑二喜	据点二传送人	传送	2	2
1838	280	280	61	吴三发	据点三传送人	传送	2	2
1839	280	297	252	周四财	据点四传送人	传送	2	2
1840	280	255	296	李无红	据点五传送人	传送	2	2
1841	280	67	286	孙六宝	据点六传送人	传送	2	2
1842	280	32	248	钱七拿	据点七传送人	传送	2	2
1843	280	35	53	赵八来	据点八传送人	传送	2	2
1844	280	72	28	炎莫凶	据点一医师	恢复	2	3
1845	280	253	22	炎莫骄	据点二医师	恢复	2	3
1846	280	293	70	炎莫恼	据点三医师	恢复	2	3
1847	280	291	259	炎莫杰	据点四医师	恢复	2	3
1848	280	259	287	炎关旗	据点五医师	恢复	2	3
1849	280	65	297	炎厚岩	据点六医师	恢复	2	3
1850	280	23	253	炎而中	据点七医师	恢复	2	3
1851	280	43	60	炎长卫	据点八医师	恢复	2	3
1852	280	62	31	袁大爷	据点一商人	商人	2	4
1853	280	259	28	齐二爷	据点二商人	商人	2	4
1854	280	285	57	魏三爷	据点三商人	商人	2	4
1855	280	286	249	刘四爷	据点四商人	商人	2	4
1856	280	265	291	朱五爷	据点五商人	商人	2	4
1857	280	57	290	王六爷	据点六商人	商人	2	4
1858	280	34	254	吴七爷	据点七商人	商人	2	4
1859	280	26	60	张八爷	据点八商人	商人	2	4
1860	282	280	45	场景：龙泉		传送	99	1
1861	282	103	303	场景：梅岭		传送	99	1
1862	282	283	293	场景：清源洞		传送	99	1
1863	282	251	63	顾宏祖		任务	2	2
1864	282	146	39	华梅			2	2
1865	282	151	60	刘渣礼			2	2
1866	282	137	43	杨安			2	3
1867	282	189	41	李鹭			2	2
1868	282	248	146	李鹍			2	3
1869	282	247	145	华婶			2	3
1870	282	261	170	韩森			2	3
1871	282	260	169	白铁流 			2	3
1872	282	271	145	迎客毛贼			1	5
1873	282	17	274	锦衣乞丐			1	5
1874	282	150	260	花酒和尚			1	5
1875	282	166	295	魏迁			1	4
1876	282	266	185	黑猿			1	5
1877	282	56	198	巨蝎			1	5
1878	282	170	231	妖邪蜘蛛			1	5
1879	282	232	232	蟾蜍怪			1	5
1880	283	42	228	场景：清源		传送	99	1
1881	283	78	96	锦衣乞丐			1	3
1882	283	61	69	花酒和尚			1	3
1883	283	199	69	文武状元			1	3
1884	283	141	226	赖千岛	山贼王	山贼王	1	2
1885	250	42	231	场景：大宛		传送	99	2
1886	250	72	30	场景：圣火宫		传送	99	2
1887	250	55	211	哈德克			2	3
1888	250	78	225	红嫱			2	3
1889	250	76	188	帕勒克			2	3
1890	250	75	59	迪达拉			2	3
1891	250	205	45	青云道长			2	3
1892	250	194	161	摩罗尼			2	3
1893	250	97	78	木杨			2	3
1894	250	75	201	兰朵			2	3
1895	250	112	42	拜火使者			1	3
1896	250	204	86	火精灵			1	3
1897	250	65	111	火焰武士			1	3
1898	250	197	174	拜火祭司			1	3
1899	250	195	44	三头犬			1	3
1900	250	95	148	沁水驮兽			1	3
1901	256	24	106	场景：撒马		传送	99	2
1902	256	52	95	拜火使者			1	3
1903	256	27	38	火精灵			1	3
1904	256	77	78	火焰武士			1	3
1905	256	81	48	拜火祭司			1	3
1906	256	102	85	三头犬			1	3
1907	256	51	59	沁水驮兽			1	3
1908	289	69	123	探秘飞贼			1	5
1909	289	54	60	寻书飞贼			1	5
1910	289	160	90	搜宝飞贼			1	5
1911	224	64	61	周华荣		传送	99	2
1912	224	65	40	孙进宝	元宝商人	元宝	2	3
1913	224	68	44	钱夫人	热卖商店掌柜	热卖	2	3
1914	224	61	43	莫寻	制造材料商人	材料	2	3
1915	224	61	29	孙聚财	元宝交易市场老板	市场	2	3
1916	579	102	35	场景：玄武岛		传送	99	2
1917	586	161	314	何安城	雁门关百工		5	1
1918	587	161	314	何安城	雁门关百工		5	1
1919	588	161	314	何安城	雁门关百工		5	1
1920	592	140	75	王夫人	曼陀山庄庄主	掌门	5	3
1921	592	140	88	王素商	曼陀山庄拜师人	拜师	5	3
1922	592	155	114	王和铃	曼陀山庄武功传授人	武功	5	3
1923	592	151	36	王雁足	曼陀山庄轻功传授人	轻功	5	4
1924	592	129	106	王安歌	曼陀山庄任务发布人	师门	5	3
1925	592	135	154	王管家	曼陀山庄指路人		5	4
1926	592	143	159	幽草	曼陀山庄传送人	传送	5	2
1927	592	157	164	王律之	山庄戍卫总领	打怪	5	4
1928	592	63	132	叶婆婆	灵鹄饲养员	坐骑	5	3
1929	592	63	137	子衿			5	4
1930	592	210	158	关山月	生活技能	侍花	5	4
1931	592	186	171	王水风	生活技能	调香	5	4
1932	592	185	142	嵇聆风	晚籁武道长老	武道	5	4
1933	592	183	132	嵇扶光	昭明武道长老	武道	5	4
1934	592	154	135	王岳山	门派举荐人	举贤	5	4
1935	592	127	135	王偃月	门派问鼎人	问鼎	5	4
1936	592	138	73	阳春	山庄亲卫		5	4
1937	592	142	73	白雪	山庄亲卫		5	4
1938	592	30	197	王叠涓	斫琴师		5	4
1939	592	228	196	严妈妈			5	4
1940	592	179	79	王语嫣			5	4
1941	592	61	65	王离忧			5	4
1942	592	231	79	王灵均			5	4
1943	592	231	178	王星浪			5	4
1944	592	225	149	花照水			5	4
1945	592	125	199	柳扶风			5	4
1946	592	62	191	陶岭			5	4
1947	592	63	140	苏酥			5	4
1948	592	181	79	王凝悦			5	4
1949	592	188	69	王绾绾			5	4
1950	592	176	63	王易简			5	4
1951	592	191	144	祈福台			5	4
1952	592	146	196	场景：太湖		传送	99	1
1953	597	145	196	场景：曼陀	传送	传送	99	2
1954	597	54	188	盗书雅贼			1	5
1955	597	181	72	盗香雅贼			1	5
1956	597	129	134	盗琴雅贼			1	5
1957	613	221	55	场景：草原		传送	99	2
1958	613	63	53	墨知愁		天鉴	2	4
1959	613	65	48	墨鸢			2	4
1960	613	130	190	墨如			2	4
1961	613	125	178	墨晓清			2	4
1962	613	194	81	杨老三			2	4
1963	613	196	85	孙虎			2	4
1964	613	196	129	霜月灰狼			1	5
1965	613	191	161	狂热的族人			1	5
1966	613	109	108	青鸢		传送	99	2
1967	614	129	224	场景：苍山		传送	99	2
1968	614	37	119	江行云		天鉴	2	4
1969	614	70	37	墨星翁			2	4
1970	614	69	142	墨北辰			2	4
1971	614	62	199	墨忆			2	4
1972	614	56	198	墨思思			2	4
1973	614	162	94	路何方			2	4
1974	614	190	135	临池君			2	4
1975	614	113	147	竹海白猿			1	5
1976	614	169	53	狂热的族人			1	5
1977	614	78	108	青鸢		传送	99	2
1978	615	199	219	场景：敦煌		传送	99	2
1979	615	65	52	阮枫眠		天鉴	2	4
1980	615	54	58	墨离			2	4
1981	615	75	60	墨回			2	4
1982	615	150	210	赵大刀			2	4
1983	615	153	212	甄百岁			2	4
1984	615	67	51	金猊			2	4
1985	615	63	51	巨罴			2	4
1986	615	168	106	古道胡狼			1	5
1987	615	135	145	狂热的族人			1	5
1988	615	91	59	青鸢		传送	99	2
1989	616	50	222	青鸢		传送	99	2
1990	623	220	91	神秘女子		偃甲	5	2
1991	634	129	97	仪仗		主持	2	5
1992	634	140	144	喜来乐		传送	99	2
1993	634	140	138	李骅		礼花	6	3
1994	1045	145	210	扫地僧（入口）		传送	99	2
1995	650	226	237	场景：剑阁		传送	99	2
1996	650	25	40	场景：秘境二		传送	99	2
1997	650	204	153	墓穴甲虫			1	5
1998	650	160	142	盗墓贼 			1	5
1999	650	109	179	地宫工匠			1	5
2000	651	235	225	场景：秘境一		传送	99	2
2001	651	96	164	场景：秘境三		传送	99	2
2002	651	50	216	秦皇精兵俑			1	5
2003	651	55	129	机关石人			1	5
2004	651	37	78	地宫幽灵			1	5
2005	652	237	216	场景：秘境二		传送	99	2
2006	652	213	182	秦将护卫			1	5
2007	652	41	87	秦将侍卫 			1	5
2008	652	219	94	机关守卫			1	5
2009	673	104	62	场景：沉月岛		传送	99	2
2010	673	221	55	场景：熔岩		传送	99	2
2011	673	48	205	场景：密林		传送	99	2
2012	673	195	217	场景：洛阳		传送	99	2
2013	673	165	119	小草妖			1	5
2014	673	66	68	渔民傀儡			1	5
2015	674	160	42	场景：繁林岛		传送	99	2
2016	674	186	216	场景：清湖		传送	99	2
2017	674	70	37	场景：熔岩		传送	99	2
2018	674	55	175	场景：洛阳		传送	99	2
2019	674	138	99	狌狌			1	5
2020	674	112	202	小草妖			1	5
2021	675	90	187	场景：地火岛		传送	99	2
2022	675	198	219	场景：清湖		传送	99	2
2023	675	55	43	场景：密林		传送	99	2
2024	675	221	74	场景：洛阳		传送	99	2
2025	675	107	88	尸豺			1	5
2026	675	144	176	战死游魂			1	5
2027	655	197	220	场景：清湖		传送	99	2
2028	655	74	217	场景：繁林岛		传送	99	2
2029	655	169	26	场景：地火岛		传送	99	2
2030	655	130	93	场景：沉月塔		传送	99	2
2031	655	133	64	场景：沉月塔		传送	99	2
2032	655	41	37	场景：锁龙塔		传送	99	2
2033	655	176	46	海月水母			1	5
2034	655	62	182	渔民傀儡			1	5
2035	656	31	105	场景：熔岩		传送	99	2
2036	656	41	135	场景：繁林岛		传送	99	2
2037	656	214	47	场景：沉月岛		传送	99	2
2038	656	137	156	场景：地火塔		传送	99	2
2039	656	138	132	场景：地火塔		传送	99	2
2040	656	118	216	场景：锁龙塔		传送	99	2
2041	656	131	63	尸豺			1	5
2042	656	181	189	战死游魂			1	5
2043	657	38	228	场景：密林		传送	99	2
2044	657	136	45	场景：地火岛		传送	99	2
2045	657	234	202	场景：沉月岛		传送	99	2
2046	657	148	114	场景：繁林塔		传送	99	2
2047	657	161	129	场景：繁林塔		传送	99	2
2048	657	230	52	场景：锁龙塔		传送	99	2
2049	657	184	66	狌狌			1	5
2050	657	139	168	小草妖			1	5
2051	700	46	210	场景：永宁城		传送	99	2
2052	700	78	62	场景：水帘洞		传送	99	2
2053	700	138	98	陈公	翠云山接引使	传送	5	1
2054	701	39	169	场景：永宁城		传送	99	2
2055	701	167	157	场景：翠云山		传送	99	2
2056	701	39	113	孙远	水帘洞接引使	传送	5	1
2057	702	57	57	场景：水帘洞		传送	99	2
2058	702	195	43	场景：翠云山		传送	99	2
2059	702	109	200	路尽同	驿站掌柜	传送	5	1
2060	707	42	205	观心镜	心室引渡	传送	99	1
2061	721	127	87	菩提老祖	心室引渡人	传送	99	1
