INT	STRING	INT	INT	FLOAT	INT	INT	INT	STRING	INT	INT	STRING	INT	INT	FLOAT
ID	名称	准乘人数	ModelID	AddHeight	RideRecipe	未知	主坐动作组索引	主绑定点	未知	副坐动作组索引	副绑定点	坐骑的移动声音ID	是否能跳跃	特殊高度修正
0	虎	1	1010	0.5	447	282	549	attach1	282	549	attach1	-1	1	0
1	黄骠马	1	1011	0.6	448	291	558	attach1	291	558	attach1	-1	1	0
2	灰狼	1	1012	0.5	455	271	538	attach1	271	538	attach1	-1	1	0
3	雕	1	1007	0.5	454	289	556	attach1	289	556	attach1	-1	-1	0
4	鹿	1	1014	0.6	453	295	562	attach1	295	562	attach1	-1	1	0
5	鹤	1	1008	0.9	450	294	561	attach1	294	561	attach1	-1	-1	0
6	青凤	1	1018	0.5	451	265	532	attach1	265	532	attach1	-1	-1	0
7	骆驼	1	1015	0.6	449	293	560	attach1	293	560	attach1	-1	1	0
8	牦牛	1	1016	0.6	452	268	535	attach1	268	535	attach1	-1	1	0
9	白虎	1	1002	0.5	456	276	543	attach1	276	543	attach1	-1	1	0
10	青白骢马	1	1017	0.6	457	290	557	attach1	290	557	attach1	-1	1	0
11	白狼	1	1003	0.5	464	275	542	attach1	275	542	attach1	-1	1	0
12	白雕	1	1001	0.5	463	278	545	attach1	278	545	attach1	-1	-1	0
13	白鹿	1	1004	0.6	462	280	547	attach1	280	547	attach1	-1	1	0
14	金翼鹤	1	1013	0.9	459	287	554	attach1	287	554	attach1	-1	-1	0
15	红白凤	1	1009	0.5	460	281	548	attach1	281	548	attach1	-1	-1	0
16	白骆驼	1	1005	0.6	458	279	546	attach1	279	546	attach1	-1	1	0
17	白牦牛	1	1006	0.6	461	273	540	attach1	273	540	attach1	-1	1	0
18	狮子	1	1019	0.6	561	270	537	attach1	270	537	attach1	-1	1	0
19	白狮	1	1020	0.6	562	274	541	attach1	274	541	attach1	-1	1	0
20		1	-1	0.6	20	980	979	attach1	980	979	attach1	-1	1	0
21	走雕	1	1025	0.5	446	285	552	attach1	285	552	attach1	-1	1	0
22	走白雕	1	1026	0.5	445	284	551	attach1	284	551	attach1	-1	1	0
23	象	2	1027	0.7	443	269	536	attach1	269	536	attach2	-1	1	0
24	白象	2	1028	0.7	444	269	536	attach1	269	536	attach2	-1	1	0
25	双人雕	2	1021	1.3	-1	264	531	骑乘点01	264	531	骑乘点02	-1	-1	0
26	骑乘陆吾	1	1029	0.6	440	288	555	attach1	288	555	attach1	-1	1	0
27	骑乘木牛流马	1	1030	0.6	439	267	534	attach1	267	534	attach1	-1	1	0
28	骑乘鸵鸟	1	1031	0.6	436	269	536	attach1	269	536	attach1	-1	1	0
29	骑乘犀牛	2	1032	0.7	442	269	536	attach1	269	536	attach2	-1	1	0
30	骑乘熊	1	1033	0.6	438	267	534	attach1	267	534	attach1	-1	1	0
31	骑乘玄龟	2	1034	0.5	441	272	539	attach1	272	539	attach2	-1	1	0
32	骑乘蜘蛛	1	1035	0.6	437	288	555	attach1	288	555	attach1	-1	1	0
33	骑乘河马	2	1036	0.7	430	269	536	attach1	269	536	attach2	-1	1	0
34	骑乘马车	1	1037	0.7	431	292	559	attach1	292	559	attach1	-1	-1	0
35	骑乘天马	1	1038	0.7	432	267	534	attach1	267	534	attach1	-1	1	0
36	骑乘兔子	1	1039	0.7	433	272	539	attach1	272	539	attach1	-1	1	0
37	骑乘舞狮	1	1040	0.7	434	269	536	attach1	269	536	attach1	-1	1	0
38	骑乘驯鹿	1	1041	0.7	435	267	534	attach1	267	534	attach1	-1	1	0
39	天使翅膀	1	1042	0.7	429	266	533	attach1	266	533	attach1	-1	-1	0
40	骑乘巨人	1	1043	0.7	427	272	539	attach1	272	539	attach1	-1	1	0
41	骑乘大绿龙	2	1044	0.7	428	269	536	attach2	269	536	attach1	-1	-1	0
42	骑乘麋鹿雪橇	2	1045	0.7	425	292	559	attach1	292	559	attach2	-1	-1	0
43	潘神骑乘	2	1046	0.7	426	269	536	attach1	269	536	attach2	-1	1	0
44	天使翅膀	1	1061	0.7	424	266	533	attach1	266	533	attach1	-1	-1	0
45	骑乘春节白熊	1	2051	0.6	438	267	534	attach1	267	534	attach1	-1	1	0
46	骑乘碧水金睛兽	1	2172	0.7	532	269	536	attach1	269	536	attach1	-1	1	0
47	骑乘旋转木马	2	2244	0.7	1079	269	536	attach1	269	536	attach2	-1	-1	0
48	骑乘春节年兽	1	2253	0.7	1077	269	536	attach1	269	536	attach1	-1	1	0
49	骑乘情人节花车1	2	2254	0.6	1078	272	539	attach1	272	539	attach2	-1	-1	0
50	骑乘白豹	1	2293	0.7	1080	269	536	attach1	269	536	attach1	-1	1	0
51	骑乘黑豹	1	2294	0.7	1081	269	536	attach1	269	536	attach1	-1	1	0
52	骑乘巨猿	1	5023	0.7	1083	272	539	attach1	272	539	attach1	-1	1	0
53	骑乘鹜影雕	1	2365	0.5	1089	269	536	attach1	278	545	attach1	-1	-1	0
54	骑乘琉璃凤	1	2366	0.5	1084	269	536	attach1	281	548	attach1	-1	-1	0
55	骑乘瑞莲鹤	1	2367	0.9	1090	272	539	attach1	287	554	attach1	-1	-1	0
56	骑乘如意虎	1	2368	0.5	1087	269	536	attach1	276	543	attach1	-1	1	0
57	骑乘银月狼	1	2369	0.5	1085	269	536	attach1	275	542	attach1	-1	1	0
58	骑乘七彩鹿	1	2370	0.6	1091	269	536	attach1	280	547	attach1	-1	1	0
59	骑乘龙血马	1	2371	0.6	1088	269	536	attach1	290	557	attach1	-1	1	0
60	骑乘青牦牛	1	2372	0.6	1092	269	536	attach1	273	540	attach1	-1	1	0
61	骑乘烈焰狮	1	2373	0.6	1086	269	536	attach1	274	541	attach1	-1	1	0
62	咖啡翅膀	1	2376	0.7	541	266	533	attach1	266	533	attach1	-1	-1	0
63	骑乘松鼠	1	2399	0.6	1093	267	534	attach1	267	534	attach1	-1	1	0
64	骑乘蝴蝶翅膀	1	2419	0.7	1094	266	533	attach1	266	533	attach1	-1	-1	0
65	骑乘巴天虎	1	2492	0.7	1095	269	536	attach1	269	536	attach1	-1	1	0
66	骑乘羚羊	1	2508	0.6	1097	267	534	attach1	267	534	attach1	-1	1	0
67	骑乘雪羚羊	1	2509	0.6	1098	267	534	attach1	267	534	attach1	-1	1	0
68	骑乘幽光羚	1	2510	0.6	1099	269	536	attach1	273	540	attach1	-1	1	0
69	骑乘飞龙椅	2	2512	0.6	1096	272	539	attach1	272	539	attach2	-1	-1	0
70	骑乘火焰貂	1	2551	0.6	1123	267	534	attach1	267	534	attach1	-1	1	0
71	骑乘熊猫	1	2552	0.7	1124	269	536	attach1	269	536	attach1	-1	1	0
72	骑乘恐惧魔狰	1	2553	0.7	1125	269	536	attach1	269	536	attach1	-1	1	0
73	图鲁克	2	2554	0.7	1126	269	536	attach1	269	536	attach2	-1	-1	0
74	暗影图鲁克	2	2555	0.7	1127	269	536	attach1	269	536	attach2	-1	-1	0
75	紫影图鲁克	2	2556	0.7	1128	269	536	attach1	269	536	attach2	-1	-1	0
76	青麟白泽	1	5070	0.7	-1	269	536	attach1	269	536	attach2	-1	1	0
77	赤麟白泽	1	5071	0.7	-1	269	536	attach1	269	536	attach2	-1	1	0
78	憨宝熊	1	5069	0.7	-1	269	536	attach1	269	536	attach2	-1	1	0
79	黑天马	1	5073	0.7	-1	267	534	attach1	267	534	attach1	-1	1	0
80	云霄羽翼	1	5086	0.7	-1	266	533	attach1	266	533	attach1	-1	-1	0
81	梦灵仙驹	1	4332	0.7	-1	269	536	attach1	269	536	attach1	-1	1	0
82	江南锁甲马	1	2727	0.6	-1	269	536	attach1	269	536	attach1	-1	1	0
83	大漠金戈马	1	2728	0.6	-1	269	536	attach1	269	536	attach1	-1	1	0
84	绝地	1	6993	0.7	-1	267	534	attach1	267	534	attach1	-1	1	0
85	兵马俑马	1	7033	0.7	-1	980	979	attach1	980	979	attach1	-1	1	0
86	秦始皇马车	1	7043	0.7	-1	272	539	attach1	272	539	attach1	-1	-1	0
87	七夕船	2	7060	0.7	-1	995	994	attach2	272	539	attach1	-1	-1	0
88	红熊	1	7113	0.7	-1	269	536	attach1	269	536	attach1	-1	1	0
89	星空天马	1	7142	0.7	-1	267	534	attach1	267	534	attach1	-1	1	0
90	飞豹	1	7158	0.7	-1	269	536	attach1	269	536	attach1	-1	1	0
91	垂云翼	1	7159	0.7	-1	266	533	attach1	266	533	attach1	-1	-1	0
92	圣诞驯鹿	1	7170	0.7	-1	269	536	attach1	269	536	attach2	-1	1	0
93	清客摇	1	7207	0.7	-1	272	539	attach1	272	539	attach1	-1	1	0
94	不死鸟	1	7212	0.9	-1	1034	1035	attach1	1034	1035	attach1	-1	-1	0
95	翎月椅	1	7311	0.7	431	292	559	attach1	292	559	attach1	-1	-1	0
96	雁门风华	1	7465	0.7	-1	1106	1105	attach1	1106	1105	attach1	-1	-1	0
97	银汉浮梁	2	7481	0.7	-1	1117	1118	attach1	1117	1118	attach2	-1	-1	0
98	替模骑乘	2	7488	0.7	-1	269	536	attach1	269	536	attach1	-1	-1	0
99	鹄	1	7604	0.9	-1	1034	1035	attach1	294	561	attach1	-1	-1	0
100	白鹄	1	7605	0.9	-1	1034	1035	attach1	287	554	attach1	-1	-1	0
101	琉璃鹄	1	7606	0.9	-1	1034	1035	attach1	287	554	attach1	-1	-1	0
102	寄居蟹	2	7646	0.7	-1	272	539	attach1	272	539	attach2	-1	1	0
103	昆仑雪猿	1	7647	0.7	-1	269	536	attach1	269	536	attach1	-1	1	0
104	烈焰追风	1	7670	0.7	-1	267	534	attach1	267	534	attach1	-1	1	0
105	绝云焱龙	2	7672	0.7	1196	269	536	attach1	269	536	attach2	-1	-1	0
106	绝云焱龙附件	2	7672	0.7	-1	269	536	attach1	269	536	attach2	-1	-1	0
107	青翼战龙	2	7673	0.7	1195	269	536	attach1	269	536	attach2	-1	-1	0
108	青翼战龙附件	2	7673	0.7	-1	269	536	attach1	269	536	attach2	-1	-1	0
109	霸世羽龙	2	7671	0.7	1194	269	536	attach1	269	536	attach2	-1	-1	0
110	霸世羽龙附件	2	7671	0.7	-1	269	536	attach1	269	536	attach2	-1	-1	0
111	圣诞靴子	1	7674	0.7	-1	269	536	attach1	269	536	attach1	-1	1	0
112	艾虎	1	7691	0.7	-1	269	536	attach1	269	536	attach1	-1	1	0
113	跑商车	1	7699	0.7	-1	292	559	attach1	292	559	attach1	-1	-1	0
114	情人节翅膀	1	7719	0.7	-1	266	533	attach1	266	533	attach1	-1	-1	0
115	白虎翅膀	1	7725	0.7	-1	266	533	attach1	266	533	attach1	-1	-1	0
116	玉蝶乘绡	1	7817	0.7	431	292	559	attach1	292	559	attach1	-1	-1	0
117	流霜灵驹	1	7915	0.7	-1	267	534	attach1	267	534	attach1	-1	1	0
118	牡丹车	1	7913	0.7	1127	272	539	attach1	272	539	attach1	-1	-1	0
119	凤求凰凤	1	8489	0.5	1215	1232	1233	attach1	1232	1233	attach1	-1	-1	0
120	凤求凰凰	1	8490	0.5	1215	1232	1233	attach1	1232	1233	attach1	-1	-1	0
121	赤影	1	8514	0.7	-1	267	534	attach1	267	534	attach1	-1	1	0
122	蝶羽粉	1	8515	0.7	-1	266	533	attach1	266	533	attach1	-1	1	0
123	周年庆马	1	8601	0.7	-1	267	534	attach1	267	534	attach1	-1	1	0
124	幽夜	2	7160	0.7	-1	269	536	attach2	269	536	attach1	-1	-1	0
125	圣诞驯鹿	1	8663	0.7	-1	269	536	attach1	269	536	attach1	-1	1	0
126	情人节黑红翅膀	1	8682	0.7	-1	266	533	attach1	266	533	attach1	-1	-1	0
127	情人节红白翅膀	1	8683	0.7	-1	266	533	attach1	266	533	attach1	-1	-1	0
128	海洋车	1	8850	0.7	-1	272	539	attach1	272	539	attach1	-1	-1	0
129	飞凰羽翼	1	8880	0.7	-1	266	533	attach1	266	533	attach1	-1	-1	0
130	黑金铠甲虎	1	8892	0.7	-1	269	536	attach1	269	536	attach1	-1	1	0
131	苍山寒梦	1	8932	0.7	-1	1331	1332	attach1	1331	1332	attach1	-1	-1	0
132	骆驼	1	8933	0.6	-1	267	534	attach1	267	534	attach1	-1	1	0
133	七彩祥云	1	9047	0.7	-1	1357	1357	attach1	1357	1357	attach1	-1	-1	4
134	筋斗云	1	9054	0.7	-1	1357	1357	attach1	1357	1357	attach1	-1	-1	4
172	天河灵鹊	1	3363	0.5	1215	272	539	attach1	281	548	attach1	-1	-1	0
173	羊驼	1	7908	0.7	1127	267	534	attach1	267	534	attach1	-1	1	0
174	黄金马红	1	8895	0.7	-1	267	534	attach1	267	534	attach1	-1	1	0
175	黄金马金	1	8896	0.7	-1	267	534	attach1	267	534	attach1	-1	1	0
176	黄金马蓝	1	8897	0.7	-1	267	534	attach1	267	534	attach1	-1	1	0
177	黄金马紫	1	8898	0.7	-1	267	534	attach1	267	534	attach1	-1	1	0
178	黑白马	1	8907	0.7	-1	267	534	attach1	267	534	attach1	-1	1	0
179	采灵机关鸟	6	8920	0.7	-1	1428	1428	attach1	1428	1428	attach1	-1	1	0
180	玉团团	1	9058	0.7	-1	272	539	attach1	272	539	attach1	-1	1	0
181	北冥玄龙	2	2778	0.7	-1	269	536	attach1	269	536	attach2	-1	-1	0
182	北冥玄龙附件	2	2778	0.7	-1	269	536	attach1	269	536	attach2	-1	-1	0
183	千峰应龙	2	2779	0.7	-1	269	536	attach1	269	536	attach2	-1	-1	0
184	千峰应龙附件	2	2779	0.7	-1	269	536	attach1	269	536	attach2	-1	-1	0
185	扶摇苍龙	2	2780	0.7	-1	269	536	attach1	269	536	attach2	-1	-1	0
186	扶摇苍龙附件	2	2780	0.7	-1	269	536	attach1	269	536	attach2	-1	-1	0
187	猞猁初级	1	4771	0.5	-1	267	534	attach1	267	534	attach1	-1	1	0
188	猞猁中级	1	4772	0.5	-1	267	534	attach1	267	534	attach1	-1	1	0
189	猞猁高级	1	4773	0.5	-1	267	534	attach1	267	534	attach1	-1	1	0
190	墨玉麒麟	1	9158	0.7	-1	267	534	attach1	267	534	attach1	-1	1	0
191	阿拉斯基	1	2819	0.7	-1	269	536	attach1	269	536	attach1	-1	1	0
192	啸月天狼	1	2835	0.7	-1	1456	1456	attach1	1456	1456	attach1	-1	1	0
193	朔影天狼	1	2836	0.7	-1	1456	1456	attach1	1456	1456	attach1	-1	1	0
194	伊丽莎白猫	1	9438	0.7	-1	1485	1484	attach1	1485	1484	attach1	-1	1	0
195	星云龙	1	9514	0.7	-1	267	534	attach1	267	534	attach1	-1	-1	0
196	星云龙02	1	9515	0.7	-1	267	534	attach1	267	534	attach1	-1	-1	0
197	星云龙03	1	9516	0.7	-1	267	534	attach1	267	534	attach1	-1	-1	0
198	星云龙05	1	9517	0.7	-1	267	534	attach1	267	534	attach1	-1	-1	0
199	荆棘龙	1	9513	0.7	-1	267	534	attach1	267	534	attach1	-1	-1	0
200	盛夏好梦	1	9599	0.7	431	292	559	attach1	292	559	attach1	-1	-1	0
201	龙骧	1	2920	0.7	-1	980	979	attach1	980	979	attach1	-1	1	0
203	黑金飞剑	1	2933	0.7	-1	1561	1561	attach1	1561	1561	attach1	-1	-1	4
204	黑金飞剑01	1	2934	0.7	-1	1561	1561	attach1	1561	1561	attach1	-1	-1	4
205	归墟神龙	2	2936	0.7	-1	269	536	attach1	269	536	attach2	-1	-1	0
206	归墟神龙附件	2	2936	0.7	-1	269	536	attach1	269	536	attach2	-1	-1	0
207	玉霄云龙	2	2937	0.7	-1	269	536	attach1	269	536	attach2	-1	-1	0
208	玉霄云龙附件	2	2937	0.7	-1	269	536	attach1	269	536	attach2	-1	-1	0
209	绘影墨龙	2	2938	0.7	-1	269	536	attach1	269	536	attach2	-1	-1	0
210	绘影墨龙附件	2	2938	0.7	-1	269	536	attach1	269	536	attach2	-1	-1	0
211	精卫鸟	1	9753	0.9	-1	267	534	attach1	267	534	attach1	-1	-1	3
														
														
														
1000	布尔善	1	530	0.7	-1	269	536	attach1	269	536	attach1	-1	1	0
1001	大铁网	1	40	0.7	-1	269	536	attach1	269	536	attach1	-1	1	0
1002	闪电豹	1	1710	0.7	-1	269	536	attach1	269	536	attach1	-1	1	0
1003	山蛛	1	1761	0.7	-1	269	536	attach1	269	536	attach1	-1	1	0
1004	大黄蜂	1	1725	0.7	-1	269	536	attach1	269	536	attach1	-1	1	0
1005	高山白猿	1	1827	0.7	-1	269	536	attach1	269	536	attach1	-1	1	0
1006	剪径小贼	1	288	0.7	-1	269	536	attach1	269	536	attach1	-1	1	0
1007	芦苇草人	1	1714	0.7	-1	269	536	attach1	269	536	attach1	-1	1	0
1008	大脸	1	16	0.7	-1	269	536	attach1	269	536	attach1	-1	1	0
1009	浮桥	1	619	0.7	-1	269	536	attach1	269	536	attach1	-1	1	0
1010	舞空	1	538	0.7	-1	269	536	attach1	269	536	attach1	-1	1	0
1011	修罗小鬼	1	565	0.7	-1	269	536	attach1	269	536	attach1	-1	1	0
1012	蜀道白猿	1	1811	0.7	-1	269	536	attach1	269	536	attach1	-1	1	0
1013	鬼面侏儒	1	1721	0.7	-1	269	536	attach1	269	536	attach1	-1	1	0
1014	榆木傀儡	1	1778	0.7	-1	269	536	attach1	269	536	attach1	-1	1	0
1015	蜀道黑猿	1	1812	0.7	-1	269	536	attach1	269	536	attach1	-1	1	0
1016	白茅草人	1	1712	0.7	-1	269	536	attach1	269	536	attach1	-1	1	0
1017	李重贵	1	232	0.7	-1	269	536	attach1	269	536	attach1	-1	1	0
1018	沙坡狼	1	1734	0.7	-1	269	536	attach1	269	536	attach1	-1	1	0
1019	残破兵佣	1	8	0.7	-1	269	536	attach1	269	536	attach1	-1	1	0
1020	沙漠马匪	1	1826	0.7	-1	269	536	attach1	269	536	attach1	-1	1	0
1021	榆木傀儡	1	1778	0.7	-1	269	536	attach1	269	536	attach1	-1	1	0
1022	荒原豹	1	1707	0.7	-1	269	536	attach1	269	536	attach1	-1	1	0
1023	恶猿	1	1812	0.7	-1	269	536	attach1	269	536	attach1	-1	1	0
1024	混江龙	1	1832	0.7	-1	269	536	attach1	269	536	attach1	-1	1	0
1025	出洞蛟	1	1833	0.7	-1	269	536	attach1	269	536	attach1	-1	1	0
1026	翻江海蜃	1	1833	0.7	-1	269	536	attach1	269	536	attach1	-1	1	0
1027	门墩	1	544	0.7	-1	269	536	attach1	269	536	attach1	-1	1	0
1028	铜轨	1	612	0.7	-1	269	536	attach1	269	536	attach1	-1	1	0
1029	白额虎	1	1703	0.7	-1	269	536	attach1	269	536	attach1	-1	1	0
1030	遗弃铜人	1	1817	0.7	-1	269	536	attach1	269	536	attach1	-1	1	0
1031	卢崖铜人	1	1751	0.7	-1	269	536	attach1	269	536	attach1	-1	1	0
1032	遗弃木人	1	1816	0.7	-1	269	536	attach1	269	536	attach1	-1	1	0
1033	颍水狼	1	1738	0.7	-1	269	536	attach1	269	536	attach1	-1	1	0
1034	花港毒蜂	1	1728	0.7	-1	269	536	attach1	269	536	attach1	-1	1	0
1035	水鬼探子	1	1781	0.7	-1	269	536	attach1	269	536	attach1	-1	1	0
1036	断桥花妖	1	1715	0.7	-1	269	536	attach1	269	536	attach1	-1	1	0
1037	白堤柳鬼	1	1701	0.7	-1	269	536	attach1	269	536	attach1	-1	1	0
1038	归风庄庄客	1	1770	0.7	-1	269	536	attach1	269	536	attach1	-1	1	0
1039	龙井水贼	1	1830	0.7	-1	269	536	attach1	269	536	attach1	-1	1	0
1040	恶狼守卫	1	550	0.7	-1	269	536	attach1	269	536	attach1	-1	1	0
1041	花斑豹	1	1706	0.7	-1	269	536	attach1	269	536	attach1	-1	1	0
1042	赤脚野人	1	1813	0.7	-1	269	536	attach1	269	536	attach1	-1	1	0
1043	狼族探子	1	1740	0.7	-1	269	536	attach1	269	536	attach1	-1	1	0
1044	风狼	1	1733	0.7	-1	269	536	attach1	269	536	attach1	-1	1	0
1045	狼族荆棘使	1	1787	0.7	-1	269	536	attach1	269	536	attach1	-1	1	0
1046	狼族战士	1	1743	0.7	-1	269	536	attach1	269	536	attach1	-1	1	0
1047	秦伯起	1	176	0.7	-1	269	536	attach1	269	536	attach1	-1	1	0
1048	深水怪兽	1	1820	0.7	-1	269	536	attach1	269	536	attach1	-1	1	0
1049	西北狼	1	1735	0.7	-1	269	536	attach1	269	536	attach1	-1	1	0
1050	金钱豹	1	1708	0.7	-1	269	536	attach1	269	536	attach1	-1	1	0
1051	灰熊	1	1786	0.7	-1	269	536	attach1	269	536	attach1	-1	1	0
1052	秦家寨探子	1	1798	0.7	-1	269	536	attach1	269	536	attach1	-1	1	0
1053	秦家寨喽啰	1	1796	0.7	-1	269	536	attach1	269	536	attach1	-1	1	0
1054	秦家寨亲兵	1	1794	0.7	-1	269	536	attach1	269	536	attach1	-1	1	0
1055	骆奉仙	1	204	0.7	-1	269	536	attach1	269	536	attach1	-1	1	0
1056	常归云	1	289	0.7	-1	269	536	attach1	269	536	attach1	-1	1	0
1057	通天	1	539	0.7	-1	269	536	attach1	269	536	attach1	-1	1	0
1058	归风剑魄	1	570	0.7	-1	269	536	attach1	269	536	attach1	-1	1	0
1059	龙泉豹	1	1709	0.7	-1	269	536	attach1	269	536	attach1	-1	1	0
1060	拦路水鬼	1	1774	0.7	-1	269	536	attach1	269	536	attach1	-1	1	0
1061	纵火水鬼	1	1804	0.7	-1	269	536	attach1	269	536	attach1	-1	1	0
1062	凿船水鬼	1	1749	0.7	-1	269	536	attach1	269	536	attach1	-1	1	0
1063	归风庄剑师	1	1769	0.7	-1	269	536	attach1	269	536	attach1	-1	1	0
1064	水鬼刺客	1	1780	0.7	-1	269	536	attach1	269	536	attach1	-1	1	0
1065	玄击金刚	1	673	0.7	-1	269	536	attach1	269	536	attach1	-1	1	0
1066	贝尔	1	551	0.7	-1	269	536	attach1	269	536	attach1	-1	1	0
1067	迪亚	1	551	0.7	-1	269	536	attach1	269	536	attach1	-1	1	0
1068	莫菲	1	551	0.7	-1	269	536	attach1	269	536	attach1	-1	1	0
1069	长毛雪怪	1	558	0.7	-1	269	536	attach1	269	536	attach1	-1	1	0
1070	蓑衣野人	1	1808	0.7	-1	269	536	attach1	269	536	attach1	-1	1	0
1071	雪狼	1	1736	0.7	-1	269	536	attach1	269	536	attach1	-1	1	0
1072	狼族勇士	1	1742	0.7	-1	269	536	attach1	269	536	attach1	-1	1	0
1073	狼族神汉	1	1739	0.7	-1	269	536	attach1	269	536	attach1	-1	1	0
1074	狼族土司	1	1741	0.7	-1	269	536	attach1	269	536	attach1	-1	1	0
1075	狼族头人	1	1740	0.7	-1	269	536	attach1	269	536	attach1	-1	1	0
1076	八爪怪兽	1	1801	0.7	-1	269	536	attach1	269	536	attach1	-1	1	0
1077	红铁爪	1	61	0.7	-1	269	536	attach1	269	536	attach1	-1	1	0
1078	红寡妇	1	40	0.7	-1	269	536	attach1	269	536	attach1	-1	1	0
1079	小胖	1	820	0.7	-1	269	536	attach1	269	536	attach1	-1	1	0
1080	打草谷辽兵	1	1772	0.7	-1	269	536	attach1	269	536	attach1	-1	1	0
1081	红枫蜘蛛	1	1801	0.7	-1	269	536	attach1	269	536	attach1	-1	1	0
1082	红枫熊	1	1800	0.7	-1	269	536	attach1	269	536	attach1	-1	1	0
1083	秦家寨劫匪	1	1795	0.7	-1	269	536	attach1	269	536	attach1	-1	1	0
1084	秦家寨护卫	1	1797	0.7	-1	269	536	attach1	269	536	attach1	-1	1	0
1085	秦家寨教头	1	1799	0.7	-1	269	536	attach1	269	536	attach1	-1	1	0
1086	千年冰魄	1	672	0.7	-1	269	536	attach1	269	536	attach1	-1	1	0
1087	山越游魂	1	1721	0.7	-1	269	536	attach1	269	536	attach1	-1	1	0
1088	含笑	1	533	0.7	-1	269	536	attach1	269	536	attach1	-1	1	0
1089	深谷白猿	1	1785	0.7	-1	269	536	attach1	269	536	attach1	-1	1	0
1090	白花蜘蛛	1	1790	0.7	-1	269	536	attach1	269	536	attach1	-1	1	0
1091	山越战士	1	1763	0.7	-1	269	536	attach1	269	536	attach1	-1	1	0
1092	山越盗匪	1	1765	0.7	-1	269	536	attach1	269	536	attach1	-1	1	0
1093	树甲哨兵	1	1702	0.7	-1	269	536	attach1	269	536	attach1	-1	1	0
1094	山越刀客	1	1762	0.7	-1	269	536	attach1	269	536	attach1	-1	1	0
1095	阿支	1	537	0.7	-1	269	536	attach1	269	536	attach1	-1	1	0
1096	花岗狮王	1	1806	0.7	-1	269	536	attach1	269	536	attach1	-1	1	0
1097	棕熊	1	1777	0.7	-1	269	536	attach1	269	536	attach1	-1	1	0
1098	狼蛛	1	1788	0.7	-1	269	536	attach1	269	536	attach1	-1	1	0
1099	花岗石狮	1	1806	0.7	-1	269	536	attach1	269	536	attach1	-1	1	0
1100	花岗石人	1	1805	0.7	-1	269	536	attach1	269	536	attach1	-1	1	0
1101	页岩石人	1	1753	0.7	-1	269	536	attach1	269	536	attach1	-1	1	0
1102	石人偃师	1	1791	0.7	-1	269	536	attach1	269	536	attach1	-1	1	0
1103	白冥启	1	667	0.7	-1	269	536	attach1	269	536	attach1	-1	1	0
1104	端木元	1	178	0.7	-1	269	536	attach1	269	536	attach1	-1	1	0
1105	草原狼	1	1732	0.7	-1	269	536	attach1	269	536	attach1	-1	1	0
1106	蒙古黑蜂	1	1729	0.7	-1	269	536	attach1	269	536	attach1	-1	1	0
1107	闪电马匪	1	1821	0.7	-1	269	536	attach1	269	536	attach1	-1	1	0
1108	追风马匪	1	1815	0.7	-1	269	536	attach1	269	536	attach1	-1	1	0
1109	弯刀马匪	1	1768	0.7	-1	269	536	attach1	269	536	attach1	-1	1	0
1110	打草谷宋兵	1	1771	0.7	-1	269	536	attach1	269	536	attach1	-1	1	0
1111	红袍蜘蛛	1	1803	0.7	-1	269	536	attach1	269	536	attach1	-1	1	0
1112	丛林野人	1	1745	0.7	-1	269	536	attach1	269	536	attach1	-1	1	0
1113	山越祭司	1	1766	0.7	-1	269	536	attach1	269	536	attach1	-1	1	0
1114	棚民	1	1724	0.7	-1	269	536	attach1	269	536	attach1	-1	1	0
1115	山越护法	1	1764	0.7	-1	269	536	attach1	269	536	attach1	-1	1	0
1116	流寇	1	1784	0.7	-1	269	536	attach1	269	536	attach1	-1	1	0
1117	热布巴拉	1	567	0.7	-1	269	536	attach1	269	536	attach1	-1	1	0
1118	剧毒狼蛛	1	1779	0.7	-1	269	536	attach1	269	536	attach1	-1	1	0
1119	云母石人	1	1746	0.7	-1	269	536	attach1	269	536	attach1	-1	1	0
1120	龙血石人	1	1831	0.7	-1	269	536	attach1	269	536	attach1	-1	1	0
1121	女娲石人	1	1759	0.7	-1	269	536	attach1	269	536	attach1	-1	1	0
1122	偃师护法	1	1748	0.7	-1	269	536	attach1	269	536	attach1	-1	1	0
1123	大偃师	1	1755	0.7	-1	269	536	attach1	269	536	attach1	-1	1	0
1124	河妖	1	643	0.7	-1	269	536	attach1	269	536	attach1	-1	1	0
1125	阿史那默谷	1	171	0.7	-1	269	536	attach1	269	536	attach1	-1	1	0
1126	莽盖龙胜	1	157	0.7	-1	269	536	attach1	269	536	attach1	-1	1	0
1127	莽盖萧允	1	161	0.7	-1	269	536	attach1	269	536	attach1	-1	1	0
1128	莽盖李通	1	164	0.7	-1	269	536	attach1	269	536	attach1	-1	1	0
1129	白狼王	1	1731	0.7	-1	269	536	attach1	269	536	attach1	-1	1	0
1130	大黑蜂	1	1729	0.7	-1	269	536	attach1	269	536	attach1	-1	1	0
1131	黑衣马匪	1	1829	0.7	-1	269	536	attach1	269	536	attach1	-1	1	0
1132	红衣马匪	1	1802	0.7	-1	269	536	attach1	269	536	attach1	-1	1	0
1133	一品堂刺客	1	1784	0.7	-1	269	536	attach1	269	536	attach1	-1	1	0
1134	轻甲莽盖	1	1814	0.7	-1	269	536	attach1	269	536	attach1	-1	1	0
1135	南海鳄鱼	1	1750	0.7	-1	269	536	attach1	269	536	attach1	-1	1	0
1136	鳄鱼帮混混	1	1719	0.7	-1	269	536	attach1	269	536	attach1	-1	1	0
1137	石老人	1	1793	0.7	-1	269	536	attach1	269	536	attach1	-1	1	0
1138	鳄鱼帮打手	1	1718	0.7	-1	269	536	attach1	269	536	attach1	-1	1	0
1139	南海海盗	1	1723	0.7	-1	269	536	attach1	269	536	attach1	-1	1	0
1140	岳不平	1	525	0.7	-1	269	536	attach1	269	536	attach1	-1	1	0
1141	黑沼豹	1	1705	0.7	-1	269	536	attach1	269	536	attach1	-1	1	0
1142	丛林蜂	1	1727	0.7	-1	269	536	attach1	269	536	attach1	-1	1	0
1143	黑苗战士	1	210	0.7	-1	269	536	attach1	269	536	attach1	-1	1	0
1144	藤甲贼	1	1810	0.7	-1	269	536	attach1	269	536	attach1	-1	1	0
1145	藤甲勇士	1	1809	0.7	-1	269	536	attach1	269	536	attach1	-1	1	0
1146	兀骨突	1	53	0.7	-1	269	536	attach1	269	536	attach1	-1	1	0
1147	图巴鲁	1	559	0.7	-1	269	536	attach1	269	536	attach1	-1	1	0
1148	古里赤	1	1936	0.7	-1	269	536	attach1	269	536	attach1	-1	1	0
1149	盐湖熊	1	1876	0.7	-1	269	536	attach1	269	536	attach1	-1	1	0
1150	盐湖鳄鱼	1	1880	0.7	-1	269	536	attach1	269	536	attach1	-1	1	0
1151	挖盐木人	1	652	0.7	-1	269	536	attach1	269	536	attach1	-1	1	0
1152	挖盐苦工	1	1878	0.7	-1	269	536	attach1	269	536	attach1	-1	1	0
1153	偃师监工	1	1879	0.7	-1	269	536	attach1	269	536	attach1	-1	1	0
1154	偃师守卫	1	1877	0.7	-1	269	536	attach1	269	536	attach1	-1	1	0
1155	冰封傀儡	1	654	0.7	-1	269	536	attach1	269	536	attach1	-1	1	0
1156	黑熊	1	1828	0.7	-1	269	536	attach1	269	536	attach1	-1	1	0
1157	东北虎	1	1704	0.7	-1	269	536	attach1	269	536	attach1	-1	1	0
1158	雪人	1	445	0.7	-1	269	536	attach1	269	536	attach1	-1	1	0
1159	獠牙雪人	1	1789	0.7	-1	269	536	attach1	269	536	attach1	-1	1	0
1160	雪山猎人	1	1824	0.7	-1	269	536	attach1	269	536	attach1	-1	1	0
1161	纥石烈阿疏	1	161	0.7	-1	269	536	attach1	269	536	attach1	-1	1	0
1162	嗜血鳄鱼	1	1754	0.7	-1	269	536	attach1	269	536	attach1	-1	1	0
1163	鳄鱼帮勇士	1	1717	0.7	-1	269	536	attach1	269	536	attach1	-1	1	0
1164	南海盗神	1	1722	0.7	-1	269	536	attach1	269	536	attach1	-1	1	0
1165	鳄鱼帮杀手	1	1720	0.7	-1	269	536	attach1	269	536	attach1	-1	1	0
1166	鳄鱼帮堂主	1	1717	0.7	-1	269	536	attach1	269	536	attach1	-1	1	0
1167	裘老七	1	527	0.7	-1	269	536	attach1	269	536	attach1	-1	1	0
1168	沼泽鳄鱼	1	1783	0.7	-1	269	536	attach1	269	536	attach1	-1	1	0
1169	永夜修罗	1	1782	0.7	-1	269	536	attach1	269	536	attach1	-1	1	0
1170	万劫修罗	1	1744	0.7	-1	269	536	attach1	269	536	attach1	-1	1	0
1171	厄修罗	1	1752	0.7	-1	269	536	attach1	269	536	attach1	-1	1	0
1172	阿鼻修罗	1	1822	0.7	-1	269	536	attach1	269	536	attach1	-1	1	0
1173	古汉	1	564	0.7	-1	269	536	attach1	269	536	attach1	-1	1	0
1174	苗越刺客	1	1765	0.7	-1	269	536	attach1	269	536	attach1	-1	1	0
1175	木云雪人	1	558	0.7	-1	269	536	attach1	269	536	attach1	-1	1	0
1176	大黑熊	1	1756	0.7	-1	269	536	attach1	269	536	attach1	-1	1	0
1177	雪山莽盖	1	1825	0.7	-1	269	536	attach1	269	536	attach1	-1	1	0
1178	雪山狼	1	1737	0.7	-1	269	536	attach1	269	536	attach1	-1	1	0
1179	重甲莽盖	1	1818	0.7	-1	269	536	attach1	269	536	attach1	-1	1	0
1180	巴伦莽盖	1	1767	0.7	-1	269	536	attach1	269	536	attach1	-1	1	0
1181	霍斯	1	157	0.7	-1	269	536	attach1	269	536	attach1	-1	1	0
1182	护宝神兽	1	145	0.7	-1	269	536	attach1	269	536	attach1	-1	1	0
1183	盗墓小贼	1	1781	0.7	-1	269	536	attach1	269	536	attach1	-1	1	0
1184	护宝神兽	1	145	0.7	-1	269	536	attach1	269	536	attach1	-1	1	0
1185	沙漠马匪	1	1826	0.7	-1	269	536	attach1	269	536	attach1	-1	1	0
1186	护宝神兽	1	145	0.7	-1	269	536	attach1	269	536	attach1	-1	1	0
1187	护宝铜人	1	1817	0.7	-1	269	536	attach1	269	536	attach1	-1	1	0
1188	护宝神兽	1	145	0.7	-1	269	536	attach1	269	536	attach1	-1	1	0
1189	寻宝豪杰	1	1784	0.7	-1	269	536	attach1	269	536	attach1	-1	1	0
1190	木桶伯	1	568	0.7	-1	269	536	attach1	269	536	attach1	-1	1	0
1191	洞穴石人	1	1753	0.7	-1	269	536	attach1	269	536	attach1	-1	1	0
1192	断桥花妖	1	1715	0.7	-1	269	536	attach1	269	536	attach1	-1	1	0
1193	花港毒蜂	1	1728	0.7	-1	269	536	attach1	269	536	attach1	-1	1	0
1194	流寇	1	1784	0.7	-1	269	536	attach1	269	536	attach1	-1	1	0
1195	龙井水贼	1	1830	0.7	-1	269	536	attach1	269	536	attach1	-1	1	0
1196	密探	1	38	0.7	-1	269	536	attach1	269	536	attach1	-1	1	0
1197	水鬼探子	1	1781	0.7	-1	269	536	attach1	269	536	attach1	-1	1	0
1198	赤脚野人	1	1813	0.7	-1	269	536	attach1	269	536	attach1	-1	1	0
1199	风狼	1	1733	0.7	-1	269	536	attach1	269	536	attach1	-1	1	0
1200	花斑豹	1	1706	0.7	-1	269	536	attach1	269	536	attach1	-1	1	0
1201	狼族荆棘使	1	1787	0.7	-1	269	536	attach1	269	536	attach1	-1	1	0
1202	狼族探子	1	1740	0.7	-1	269	536	attach1	269	536	attach1	-1	1	0
1203	狼族战士	1	1743	0.7	-1	269	536	attach1	269	536	attach1	-1	1	0
1204	秦家寨恶霸	1	177	0.7	-1	269	536	attach1	269	536	attach1	-1	1	0
1205	秦家寨护卫使	1	614	0.7	-1	269	536	attach1	269	536	attach1	-1	1	0
1206	秦家寨头领	1	176	0.7	-1	269	536	attach1	269	536	attach1	-1	1	0
1207	秦家寨土匪	1	615	0.7	-1	269	536	attach1	269	536	attach1	-1	1	0
1208	秦家寨卫兵	1	175	0.7	-1	269	536	attach1	269	536	attach1	-1	1	0
1209	工魂影像	1	665	0.7	-1	269	536	attach1	269	536	attach1	-1	1	0
1210	暗杀者	1	546	0.7	-1	269	536	attach1	269	536	attach1	-1	1	0
1211	大剑师	1	289	0.7	-1	269	536	attach1	269	536	attach1	-1	1	0
1212	荒野剑客	1	287	0.7	-1	269	536	attach1	269	536	attach1	-1	1	0
1213	剑齿豹	1	608	0.7	-1	269	536	attach1	269	536	attach1	-1	1	0
1214	剑灵	1	567	0.7	-1	269	536	attach1	269	536	attach1	-1	1	0
1215	剑冢刺客	1	515	0.7	-1	269	536	attach1	269	536	attach1	-1	1	0
1216	狼族神汉	1	1739	0.7	-1	269	536	attach1	269	536	attach1	-1	1	0
1217	狼族头人	1	1740	0.7	-1	269	536	attach1	269	536	attach1	-1	1	0
1218	狼族土司	1	1741	0.7	-1	269	536	attach1	269	536	attach1	-1	1	0
1219	狼族勇士	1	1742	0.7	-1	269	536	attach1	269	536	attach1	-1	1	0
1220	蓑衣野人	1	1808	0.7	-1	269	536	attach1	269	536	attach1	-1	1	0
1221	雪狼	1	1736	0.7	-1	269	536	attach1	269	536	attach1	-1	1	0
1222	迎客毛贼	1	556	0.7	-1	269	536	attach1	269	536	attach1	-1	1	0
1223	黑猿	1	2392	0.7	-1	269	536	attach1	269	536	attach1	-1	1	0
1224	巨蝎	1	2394	0.7	-1	269	536	attach1	269	536	attach1	-1	1	0
1225	锦衣乞丐	1	2389	0.7	-1	269	536	attach1	269	536	attach1	-1	1	0
1226	花酒和尚	1	2387	0.7	-1	269	536	attach1	269	536	attach1	-1	1	0
1227	魏迁	1	2395	0.7	-1	269	536	attach1	269	536	attach1	-1	1	0
1228	蟾蜍怪	1	2393	0.7	-1	269	536	attach1	269	536	attach1	-1	1	0
1229	妖邪蜘蛛	1	2390	0.7	-1	269	536	attach1	269	536	attach1	-1	1	0
1230	打草谷辽兵	1	1772	0.7	-1	269	536	attach1	269	536	attach1	-1	1	0
1231	红枫熊	1	1800	0.7	-1	269	536	attach1	269	536	attach1	-1	1	0
1232	红枫蜘蛛	1	1801	0.7	-1	269	536	attach1	269	536	attach1	-1	1	0
1233	秦家寨护卫	1	1797	0.7	-1	269	536	attach1	269	536	attach1	-1	1	0
1234	秦家寨教头	1	1799	0.7	-1	269	536	attach1	269	536	attach1	-1	1	0
1235	秦家寨劫匪	1	1795	0.7	-1	269	536	attach1	269	536	attach1	-1	1	0
1236	白花蜘蛛	1	1790	0.7	-1	269	536	attach1	269	536	attach1	-1	1	0
1237	山越护法	1	1764	0.7	-1	269	536	attach1	269	536	attach1	-1	1	0
1238	山越祭司	1	1766	0.7	-1	269	536	attach1	269	536	attach1	-1	1	0
1239	山越战士	1	1763	0.7	-1	269	536	attach1	269	536	attach1	-1	1	0
1240	深谷白猿	1	1785	0.7	-1	269	536	attach1	269	536	attach1	-1	1	0
1241	树甲哨兵	1	1702	0.7	-1	269	536	attach1	269	536	attach1	-1	1	0
1242	花岗石狮	1	1806	0.7	-1	269	536	attach1	269	536	attach1	-1	1	0
1243	狼蛛	1	1788	0.7	-1	269	536	attach1	269	536	attach1	-1	1	0
1244	页岩石人	1	1753	0.7	-1	269	536	attach1	269	536	attach1	-1	1	0
1245	棕熊	1	1777	0.7	-1	269	536	attach1	269	536	attach1	-1	1	0
1246	锦衣乞丐	1	2389	0.7	-1	269	536	attach1	269	536	attach1	-1	1	0
1247	花酒和尚	1	2387	0.7	-1	269	536	attach1	269	536	attach1	-1	1	0
1248	文武状元	1	2391	0.7	-1	269	536	attach1	269	536	attach1	-1	1	0
1249	赖千岛	1	2386	0.7	-1	269	536	attach1	269	536	attach1	-1	1	0
1250	草原狼	1	1732	0.7	-1	269	536	attach1	269	536	attach1	-1	1	0
1251	蒙古黑蜂	1	1729	0.7	-1	269	536	attach1	269	536	attach1	-1	1	0
1252	闪电马匪	1	1821	0.7	-1	269	536	attach1	269	536	attach1	-1	1	0
1253	弯刀马匪	1	1768	0.7	-1	269	536	attach1	269	536	attach1	-1	1	0
1254	追风马匪	1	1815	0.7	-1	269	536	attach1	269	536	attach1	-1	1	0
1255	打草谷宋兵	1	1771	0.7	-1	269	536	attach1	269	536	attach1	-1	1	0
1256	红袍蜘蛛	1	1803	0.7	-1	269	536	attach1	269	536	attach1	-1	1	0
1257	流寇	1	1784	0.7	-1	269	536	attach1	269	536	attach1	-1	1	0
1258	棚民	1	1724	0.7	-1	269	536	attach1	269	536	attach1	-1	1	0
1259	山越护法	1	1764	0.7	-1	269	536	attach1	269	536	attach1	-1	1	0
1260	山越祭司	1	1766	0.7	-1	269	536	attach1	269	536	attach1	-1	1	0
1261	迷人蜂	1	555	0.7	-1	269	536	attach1	269	536	attach1	-1	1	0
1262	桃根仙	1	500	0.7	-1	269	536	attach1	269	536	attach1	-1	1	0
1263	桃花仙	1	13	0.7	-1	269	536	attach1	269	536	attach1	-1	1	0
1264	桃实仙	1	538	0.7	-1	269	536	attach1	269	536	attach1	-1	1	0
1265	桃枝仙	1	514	0.7	-1	269	536	attach1	269	536	attach1	-1	1	0
1266	花斑豹	1	1706	0.7	-1	269	536	attach1	269	536	attach1	-1	1	0
1267	盗墓马匪	1	154	0.7	-1	269	536	attach1	269	536	attach1	-1	1	0
1268	鬼狼	1	168	0.7	-1	269	536	attach1	269	536	attach1	-1	1	0
1269	黑毒蜂	1	19	0.7	-1	269	536	attach1	269	536	attach1	-1	1	0
1270	护墓莽盖	1	160	0.7	-1	269	536	attach1	269	536	attach1	-1	1	0
1271	骷髅	1	1405	0.7	-1	269	536	attach1	269	536	attach1	-1	1	0
1272	一品堂刺客	1	1784	0.7	-1	269	536	attach1	269	536	attach1	-1	1	0
1273	成年灵企鹅	1	708	0.7	-1	269	536	attach1	269	536	attach1	-1	1	0
1274	雪原狼	1	602	0.7	-1	269	536	attach1	269	536	attach1	-1	1	0
1275	雪原莽盖	1	164	0.7	-1	269	536	attach1	269	536	attach1	-1	1	0
1276	银皑雪人	1	558	0.7	-1	269	536	attach1	269	536	attach1	-1	1	0
1277	成年圣企鹅	1	708	0.7	-1	269	536	attach1	269	536	attach1	-1	1	0
1278	企鹅王	1	2027	0.7	-1	269	536	attach1	269	536	attach1	-1	1	0
1279	鳄鱼帮打手	1	1718	0.7	-1	269	536	attach1	269	536	attach1	-1	1	0
1280	鳄鱼帮混混	1	1719	0.7	-1	269	536	attach1	269	536	attach1	-1	1	0
1281	南海鳄鱼	1	1750	0.7	-1	269	536	attach1	269	536	attach1	-1	1	0
1282	南海海盗	1	1723	0.7	-1	269	536	attach1	269	536	attach1	-1	1	0
1283	石老人	1	1793	0.7	-1	269	536	attach1	269	536	attach1	-1	1	0
1284	挖盐苦工	1	1878	0.7	-1	269	536	attach1	269	536	attach1	-1	1	0
1285	挖盐木人	1	652	0.7	-1	269	536	attach1	269	536	attach1	-1	1	0
1286	盐湖鳄鱼	1	1880	0.7	-1	269	536	attach1	269	536	attach1	-1	1	0
1287	盐湖熊	1	1876	0.7	-1	269	536	attach1	269	536	attach1	-1	1	0
1288	偃师监工	1	1879	0.7	-1	269	536	attach1	269	536	attach1	-1	1	0
1289	偃师守卫	1	1877	0.7	-1	269	536	attach1	269	536	attach1	-1	1	0
1290	巴伦莽盖	1	1767	0.7	-1	269	536	attach1	269	536	attach1	-1	1	0
1291	大黑熊	1	1756	0.7	-1	269	536	attach1	269	536	attach1	-1	1	0
1292	雪山狼	1	1737	0.7	-1	269	536	attach1	269	536	attach1	-1	1	0
1293	雪山莽盖	1	1825	0.7	-1	269	536	attach1	269	536	attach1	-1	1	0
1294	重甲莽盖	1	1818	0.7	-1	269	536	attach1	269	536	attach1	-1	1	0
1295	护岛神兽20级	1	145	0.7	-1	269	536	attach1	269	536	attach1	-1	1	0
1296	护岛神兽40级	1	625	0.7	-1	269	536	attach1	269	536	attach1	-1	1	0
1297	护岛神兽60级	1	626	0.7	-1	269	536	attach1	269	536	attach1	-1	1	0
1298	护岛神兽80级	1	627	0.7	-1	269	536	attach1	269	536	attach1	-1	1	0
1299	无敌飞天猫	1	1926	0.7	-1	269	536	attach1	269	536	attach1	-1	1	0
1300	莽牯毒蛤王	1	664	0.7	-1	269	536	attach1	269	536	attach1	-1	1	0
1301	闪电狗	1	2287	0.7	-1	269	536	attach1	269	536	attach1	-1	1	0
1302	龙龟	1	1933	0.7	-1	269	536	attach1	269	536	attach1	-1	1	0
1303	大笨熊	1	2001	0.7	-1	269	536	attach1	269	536	attach1	-1	1	0
1304	小兔兔	1	9266	0.7	-1	269	536	attach1	269	536	attach1	-1	1	0
1305	飘飘鸭	1	817	0.7	-1	269	536	attach1	269	536	attach1	-1	1	0
1306	猿公子	1	647	0.7	-1	269	536	attach1	269	536	attach1	-1	1	0
1307	峨嵋利爪恶猿	1	645	0.7	-1	269	536	attach1	269	536	attach1	-1	1	0
1308	峨嵋白眉恶猿	1	644	0.7	-1	269	536	attach1	269	536	attach1	-1	1	0
1309	峨嵋凶猱	1	646	0.7	-1	269	536	attach1	269	536	attach1	-1	1	0
1310	孙立者	1	639	0.7	-1	269	536	attach1	269	536	attach1	-1	1	0
1311	复仇恶猿	1	636	0.7	-1	269	536	attach1	269	536	attach1	-1	1	0
1312	强壮恶猿	1	637	0.7	-1	269	536	attach1	269	536	attach1	-1	1	0
1313	精壮恶猿	1	638	0.7	-1	269	536	attach1	269	536	attach1	-1	1	0
1314	金裳	1	635	0.7	-1	269	536	attach1	269	536	attach1	-1	1	0
1315	密探先锋	1	632	0.7	-1	269	536	attach1	269	536	attach1	-1	1	0
1316	青旗探马	1	633	0.7	-1	269	536	attach1	269	536	attach1	-1	1	0
1317	蓝旗探马	1	634	0.7	-1	269	536	attach1	269	536	attach1	-1	1	0
1318	彭侯	1	631	0.7	-1	269	536	attach1	269	536	attach1	-1	1	0
1319	木人喽啰	1	628	0.7	-1	269	536	attach1	269	536	attach1	-1	1	0
1320	木人精英	1	629	0.7	-1	269	536	attach1	269	536	attach1	-1	1	0
1321	木人武士	1	630	0.7	-1	269	536	attach1	269	536	attach1	-1	1	0
1322	王君	1	655	0.7	-1	269	536	attach1	269	536	attach1	-1	1	0
1323	灭妖傀儡	1	652	0.7	-1	269	536	attach1	269	536	attach1	-1	1	0
1324	诛仙傀儡	1	653	0.7	-1	269	536	attach1	269	536	attach1	-1	1	0
1325	弑神傀儡	1	654	0.7	-1	269	536	attach1	269	536	attach1	-1	1	0
1326	白岑	1	659	0.7	-1	269	536	attach1	269	536	attach1	-1	1	0
1327	天山小雪怪	1	656	0.7	-1	269	536	attach1	269	536	attach1	-1	1	0
1328	天山大雪怪	1	657	0.7	-1	269	536	attach1	269	536	attach1	-1	1	0
1329	天山雪怪王	1	658	0.7	-1	269	536	attach1	269	536	attach1	-1	1	0
1330	孟昧	1	643	0.7	-1	269	536	attach1	269	536	attach1	-1	1	0
1331	妖异心魔	1	640	0.7	-1	269	536	attach1	269	536	attach1	-1	1	0
1332	破嗔心魔	1	641	0.7	-1	269	536	attach1	269	536	attach1	-1	1	0
1333	杀欲心魔	1	642	0.7	-1	269	536	attach1	269	536	attach1	-1	1	0
1334	贾川	1	663	0.7	-1	269	536	attach1	269	536	attach1	-1	1	0
1335	腐体傀儡	1	660	0.7	-1	269	536	attach1	269	536	attach1	-1	1	0
1336	蚀心傀儡	1	661	0.7	-1	269	536	attach1	269	536	attach1	-1	1	0
1337	化魄傀儡	1	662	0.7	-1	269	536	attach1	269	536	attach1	-1	1	0
1338	秋三十娘	1	651	0.7	-1	269	536	attach1	269	536	attach1	-1	1	0
1339	木王蜘蛛	1	648	0.7	-1	269	536	attach1	269	536	attach1	-1	1	0
1340	水王蜘蛛	1	649	0.7	-1	269	536	attach1	269	536	attach1	-1	1	0
1341	火王蜘蛛	1	650	0.7	-1	269	536	attach1	269	536	attach1	-1	1	0
1342	霜影	1	1834	0.7	-1	269	536	attach1	269	536	attach1	-1	1	0
1343	白棋子	1	520	0.7	-1	269	536	attach1	269	536	attach1	-1	1	0
1344	黑棋子	1	522	0.7	-1	269	536	attach1	269	536	attach1	-1	1	0
1345	白棋魂	1	537	0.7	-1	269	536	attach1	269	536	attach1	-1	1	0
1346	黑棋魂	1	567	0.7	-1	269	536	attach1	269	536	attach1	-1	1	0
1347	远古棋魂	1	569	0.7	-1	269	536	attach1	269	536	attach1	-1	1	0
1348	上古银宝箱	1	2216	0.7	-1	269	536	attach1	269	536	attach1	-1	1	0
1349	上古金宝箱	1	2217	0.7	-1	269	536	attach1	269	536	attach1	-1	1	0
1350	银宝箱童子	1	2218	0.7	-1	269	536	attach1	269	536	attach1	-1	1	0
1351	金宝箱童子	1	2219	0.7	-1	269	536	attach1	269	536	attach1	-1	1	0
1352	镇宝龙王	1	2220	0.7	-1	269	536	attach1	269	536	attach1	-1	1	0
1353	贼兵喽啰	1	53	0.7	-1	269	536	attach1	269	536	attach1	-1	1	0
1354	贼兵头目	1	669	0.7	-1	269	536	attach1	269	536	attach1	-1	1	0
1355	伪宋军	1	1771	0.7	-1	269	536	attach1	269	536	attach1	-1	1	0
1356	逃窜匪类	1	1826	0.7	-1	269	536	attach1	269	536	attach1	-1	1	0
1357	伪宋军副都统	1	669	0.7	-1	269	536	attach1	269	536	attach1	-1	1	0
1358	伪宋军都统	1	668	0.7	-1	269	536	attach1	269	536	attach1	-1	1	0
1359	余毒	1	666	0.7	-1	269	536	attach1	269	536	attach1	-1	1	0
1360	野熊	1	518	0.7	-1	269	536	attach1	269	536	attach1	-1	1	0
1361	红熊王	1	571	0.7	-1	269	536	attach1	269	536	attach1	-1	1	0
1362	绿林大盗	1	1826	0.7	-1	269	536	attach1	269	536	attach1	-1	1	0
1363	绿林劫匪	1	1601	0.7	-1	269	536	attach1	269	536	attach1	-1	1	0
1364	狗头军师	1	206	0.7	-1	269	536	attach1	269	536	attach1	-1	1	0
1365	山寨大王	1	667	0.7	-1	269	536	attach1	269	536	attach1	-1	1	0
1366	玄雷坡土匪	1	177	0.7	-1	269	536	attach1	269	536	attach1	-1	1	0
1367	牛曲	1	1799	0.7	-1	269	536	attach1	269	536	attach1	-1	1	0
1368	牛奇	1	669	0.7	-1	269	536	attach1	269	536	attach1	-1	1	0
1369	王阎	1	668	0.7	-1	269	536	attach1	269	536	attach1	-1	1	0
1370	毒障小怪	1	530	0.7	-1	269	536	attach1	269	536	attach1	-1	1	0
1371	撕风魔	1	685	0.7	-1	269	536	attach1	269	536	attach1	-1	1	0
1372	裂地行者	1	692	0.7	-1	269	536	attach1	269	536	attach1	-1	1	0
1373	武玄将	1	690	0.7	-1	269	536	attach1	269	536	attach1	-1	1	0
1374	五毒魔使	1	694	0.7	-1	269	536	attach1	269	536	attach1	-1	1	0
1375	破焰尊者	1	688	0.7	-1	269	536	attach1	269	536	attach1	-1	1	0
1376	洪棘妖王	1	693	0.7	-1	269	536	attach1	269	536	attach1	-1	1	0
1377	妖魔随从	1	2016	0.7	-1	269	536	attach1	269	536	attach1	-1	1	0
1378	火焰妖魔	1	687	0.7	-1	269	536	attach1	269	536	attach1	-1	1	0
1379	哈大霸	1	2150	0.7	-1	269	536	attach1	269	536	attach1	-1	1	0
1380	桑土公	1	2151	0.7	-1	269	536	attach1	269	536	attach1	-1	1	0
1381	乌老大	1	2152	0.7	-1	269	536	attach1	269	536	attach1	-1	1	0
1382	卓不凡	1	2153	0.7	-1	269	536	attach1	269	536	attach1	-1	1	0
1383	不平道人	1	2154	0.7	-1	269	536	attach1	269	536	attach1	-1	1	0
1384	任平生	1	2178	0.7	-1	269	536	attach1	269	536	attach1	-1	1	0
1385	李秋水	1	2155	0.7	-1	269	536	attach1	269	536	attach1	-1	1	0
1386	岳老三	1	348	0.7	-1	269	536	attach1	269	536	attach1	-1	1	0
1387	云中鹤	1	73	0.7	-1	269	536	attach1	269	536	attach1	-1	1	0
1388	叶二娘	1	70	0.7	-1	269	536	attach1	269	536	attach1	-1	1	0
1389	段延庆	1	123	0.7	-1	269	536	attach1	269	536	attach1	-1	1	0
1390	姚伯当	1	1799	0.7	-1	269	536	attach1	269	536	attach1	-1	1	0
1391	司马林	1	1755	0.7	-1	269	536	attach1	269	536	attach1	-1	1	0
1392	鸠摩智	1	1620	0.7	-1	269	536	attach1	269	536	attach1	-1	1	0
1393	慕容复	1	118	0.7	-1	269	536	attach1	269	536	attach1	-1	1	0
1394	喽啰	1	177	0.7	-1	269	536	attach1	269	536	attach1	-1	1	0
1395	恶霸	1	1799	0.7	-1	269	536	attach1	269	536	attach1	-1	1	0
1396	宋姜	1	2312	0.7	-1	269	536	attach1	269	536	attach1	-1	1	0
1397	李魁	1	2317	0.7	-1	269	536	attach1	269	536	attach1	-1	1	0
1398	吴永	1	2311	0.7	-1	269	536	attach1	269	536	attach1	-1	1	0
1399	卢君逸	1	2315	0.7	-1	269	536	attach1	269	536	attach1	-1	1	0
1400	公孙圣	1	2321	0.7	-1	269	536	attach1	269	536	attach1	-1	1	0
1401	关盛	1	2320	0.7	-1	269	536	attach1	269	536	attach1	-1	1	0
1402	鲁志生	1	2314	0.7	-1	269	536	attach1	269	536	attach1	-1	1	0
1403	呼延啄	1	2319	0.7	-1	269	536	attach1	269	536	attach1	-1	1	0
1404	林充	1	2316	0.7	-1	269	536	attach1	269	536	attach1	-1	1	0
1405	秦冥	1	2313	0.7	-1	269	536	attach1	269	536	attach1	-1	1	0
1406	花容	1	2318	0.7	-1	269	536	attach1	269	536	attach1	-1	1	0
1407	武颂	1	2310	0.7	-1	269	536	attach1	269	536	attach1	-1	1	0
1408	伪官军	1	417	0.7	-1	269	536	attach1	269	536	attach1	-1	1	0
1409	盗书恶僧	1	299	0.7	-1	269	536	attach1	269	536	attach1	-1	1	0
1410	蒙面恶僧	1	2305	0.7	-1	269	536	attach1	269	536	attach1	-1	1	0
1411	暴走白斑猪	1	1954	0.7	-1	269	536	attach1	269	536	attach1	-1	1	0
1412	暴走黑鬃猪	1	1955	0.7	-1	269	536	attach1	269	536	attach1	-1	1	0
1413	暴走红皮猪	1	1956	0.7	-1	269	536	attach1	269	536	attach1	-1	1	0
1414	野猪头目	1	1908	0.7	-1	269	536	attach1	269	536	attach1	-1	1	0
1415	尖牙野猪	1	905	0.7	-1	269	536	attach1	269	536	attach1	-1	1	0
1416	尖牙野猪王	1	670	0.7	-1	269	536	attach1	269	536	attach1	-1	1	0
1417	狂暴龙	1	1907	0.7	-1	269	536	attach1	269	536	attach1	-1	1	0
1418	雷麟	1	2222	0.7	-1	269	536	attach1	269	536	attach1	-1	1	0
1419	雏凤	1	2223	0.7	-1	269	536	attach1	269	536	attach1	-1	1	0
1420	护岛神兽	1	145	0.7	-1	269	536	attach1	269	536	attach1	-1	1	0
1421	黄色足球	1	1919	0.7	-1	269	536	attach1	269	536	attach1	-1	1	0
1422	红色足球	1	1917	0.7	-1	269	536	attach1	269	536	attach1	-1	1	0
1423	蓝色足球	1	1920	0.7	-1	269	536	attach1	269	536	attach1	-1	1	0
1424	花色足球	1	1918	0.7	-1	269	536	attach1	269	536	attach1	-1	1	0
1425	孙美美	1	1921	0.7	-1	269	536	attach1	269	536	attach1	-1	1	0
2076	枯木傀儡	1	12597	0.7	1129	272	539	attach1	272	539	attach1	-1	1	0
2077	火云邪兽	1	12598	0.7	1130	269	536	attach1	269	536	attach1	-1	1	0
2078	玄天雷兽	1	12599	0.7	1131	269	536	attach1	269	536	attach1	-1	1	0
2079	九州神龙	6	12674	0.7	1140	269	536	attach1	269	536	attach2	-1	-1	0
2080	月兔	1	12686	0.7	1141	272	539	attach1	272	539	attach1	-1	1	0
2083	烟雨清荷	1	12780	0.6	1146	272	539	attach1	272	539	attach1	-1	-1	3
2084	幻火赤麟兽	1	12778	0.6	1147	269	536	attach1	290	557	attach1	-1	1	0
2085	炙足鬼马	1	12779	0.6	1150	269	536	attach1	290	557	attach1	-1	1	0
2086	添福锦鳞	1	12781	0.7	1149	269	536	attach1	269	536	attach1	-1	-1	0
2087	天工玲珑鼠	1	12782	0.7	1148	272	539	attach1	272	539	attach1	-1	1	0
2088	陆行鸟	1	12783	0.7	1145	269	536	attach1	269	536	attach1	-1	1	0
2089	金麟舞狮	1	12798	0.7	1151	269	536	attach1	269	536	attach1	-1	1	0
2091	七宝莲座	2	12838	0.6	1154	272	539	attach1	272	539	attach2	-1	-1	0
2094	金翅	1	12841	0.7	1153	269	536	attach1	269	536	attach1	-1	-1	5
2096	翡翠御驾	6	12926	0.7	1160	272	539	attach1	272	539	attach2	-1	-1	0
2098	烈焰狂犀	1	12962	0.7	1157	269	536	attach1	269	536	attach1	-1	1	0
2099	童子台	2	12963	0.7	1158	272	539	attach1	272	539	attach2	-1	1	0
2100	月白蛟马	1	12964	0.7	1159	267	534	attach1	267	534	attach1	-1	1	0
2153	金翅蓝色	1	12842	0.7	1161	269	536	attach1	269	536	attach1	-1	-1	2
2154	金翅青色	1	12843	0.7	1162	269	536	attach1	269	536	attach1	-1	-1	2
2157	傲雪灵狮	1	12978	0.7	1163	269	536	attach1	269	536	attach1	-1	1	0
2164	福瑞雪貂	1	13210	0.6	1208	267	534	attach1	267	534	attach1	-1	1	0
2165	红梅软驾	2	13256	0.7	1209	272	539	attach1	272	539	attach2	-1	-1	0
2166	金羽	1	15062	0.7	1210	266	533	attach1	266	533	attach1	-1	-1	0
2167	冥邪兽	1	13306	0.7	1211	269	536	attach1	269	536	attach1	-1	1	0
2168	烈火金刚	1	13310	0.7	1212	272	539	attach1	272	539	attach1	-1	1	0
2169	赤霄炎狼	1	13320	0.7	1213	269	536	attach1	269	536	attach1	-1	1	0
2171	魅羽	1	13362	0.7	1214	266	533	attach1	266	533	attach1	-1	-1	0
2173	白碧水金睛兽	1	13545	0.7	1216	269	536	attach1	269	536	attach1	-1	1	0
2175	玄彤海龙	1	13555	0.7	1219	269	536	attach1	269	536	attach1	-1	1	0
2176	幽蓝海龙	1	13556	0.7	1218	269	536	attach1	269	536	attach1	-1	1	0
2177	暗炎开明兽	1	13585	0.7	1220	269	536	attach1	269	536	attach1	-1	1	0
2178	瑶光开明兽	1	13586	0.7	1221	269	536	attach1	269	536	attach1	-1	1	0
2179	星虹云舟	2	13597	0.7	1222	272	539	attach1	272	539	attach2	-1	-1	0
2180	暗炎冥狮	1	13619	0.7	1223	269	536	attach1	269	536	attach1	-1	1	0
2181	虚空熊魂	1	13620	0.6	1223	267	534	attach1	267	534	attach1	-1	1	0
2182	祥云鹤	1	13621	0.7	1145	269	536	attach1	269	536	attach1	-1	1	0
2183	金钱豹	1	13623	0.5	-1	267	534	attach1	267	534	attach1	-1	1	0
2184	云雪豹	1	13624	0.5	-1	267	534	attach1	267	534	attach1	-1	1	0
2185	幽冥豹	1	13625	0.6	-1	269	536	attach1	269	536	attach1	-1	1	0
2186	炎羽	1	13631	0.7	1224	266	533	attach1	266	533	attach1	-1	-1	0
2187	应龙幻魂	1	13632	0.7	-1	269	536	attach1	269	536	attach1	-1	-1	0
2188	黑玫瑰	1	13733	0.7	432	267	534	attach1	267	534	attach1	-1	1	0
2189	绒雪神牛	1	13766	0.7	432	267	534	attach1	267	534	attach1	-1	1	0
2190	沧海龙驹	1	13769	0.7	432	267	534	attach1	267	534	attach1	-1	1	0
2191	百变金刚	1	13770	0.7	432	267	534	attach1	267	534	attach1	-1	1	0
2192	豆豆雪橇	2	13780	0.7	-1	292	559	attach1	292	559	attach2	-1	1	0
2194	月马香驹	2	13823	0.7	-1	292	559	attach1	292	559	attach2	-1	-1	0
2195	赤炼驹	1	13877	0.7	-1	269	536	attach1	269	536	attach1	-1	1	0
2196	碧甲玄龟	1	13984	0.7	-1	272	539	attach1	272	539	attach1	-1	-1	0
2197	星羽游龙	2	14030	0.7	1194	269	536	attach1	269	536	attach2	-1	1	2
2198	沧澜羽翼	1	14097	0.7	-1	266	533	attach1	266	533	attach1	-1	-1	0
2200	团羊羊	2	14099	0.7	1079	272	539	attach1	272	539	attach2	-1	1	0
2201	云水青荷	2	14158	0.7	-1	292	559	attach1	292	559	attach2	-1	-1	0
2202	炼狱凤凰	1	14159	0.7	-1	272	539	attach1	272	539	attach1	-1	-1	0
2203	裂海魔龙	1	14160	0.7	-1	267	534	attach1	267	534	attach1	-1	1	0
2204	噬魂花妖	1	14161	0.7	-1	272	539	attach1	272	539	attach1	-1	-1	0
2205	水碧飞鸢	1	14164	0.7	-1	272	539	attach1	272	539	attach1	-1	-1	0
2206	绛紫飞鸢	1	14165	0.7	-1	272	539	attach1	272	539	attach1	-1	-1	0
2207	钢鬃兽	1	14225	0.7	-1	269	536	attach1	269	536	attach1	-1	1	0
2208	鬼马龙舟	2	14234	0.7	-1	292	559	attach1	292	559	attach2	-1	1	0
2209	望月龙驹	1	14277	0.7	-1	269	536	attach1	269	536	attach1	-1	1	0
2210	踏雪乌骓	1	14278	0.7	-1	269	536	attach1	269	536	attach1	-1	1	0
2211	玉麟龙	1	14287	0.7	-1	269	536	attach1	269	536	attach1	-1	1	0
2213	梦幻仙驹	1	14331	0.7	-1	269	536	attach1	269	536	attach1	-1	1	0
2214	云鹄锦车	2	14333	0.7	-1	292	559	attach1	292	559	attach2	-1	-1	0
2215	碧水灵君	1	14660	0.7	-1	269	536	attach1	269	536	attach1	-1	1	0
2216	紫玉灵猫	1	14452	0.7	-1	269	536	attach1	269	536	attach1	-1	1	0
2217	素雪灵猫	1	14454	0.7	-1	269	536	attach1	269	536	attach1	-1	1	0
2219	红薇梦椅	1	14503	0.7	-1	292	559	attach1	292	559	attach1	-1	-1	0
2220	灵薇梦椅	1	14504	0.7	-1	292	559	attach1	292	559	attach1	-1	-1	0
2221	灵巫雀羽	1	14740	0.7	-1	266	533	attach1	266	533	attach1	-1	-1	0
2222	琉璃雀羽	1	14741	0.7	-1	266	533	attach1	266	533	attach1	-1	-1	0
2224	喜庆熊猫	1	14769	0.7	-1	269	536	attach1	269	536	attach1	-1	1	0
2225	地火离炎兽	1	14797	0.7	-1	269	536	attach1	269	536	attach1	-1	1	0
2226	甜心布丁	1	14808	0.7	-1	292	559	attach1	292	559	attach1	-1	-1	0
2228	灵狐	1	14838	0.7	-1	269	536	attach1	269	536	attach1	-1	1	0
2229	赤尾狐	1	14839	0.7	-1	269	536	attach1	269	536	attach1	-1	1	0
2230	玄天狐	1	14840	0.7	-1	269	536	attach1	269	536	attach1	-1	1	0
2231	战天狼	1	15355	0.7	-1	269	536	attach1	269	536	attach1	-1	1	0
2233	雪驯鹿	2	15432	0.7	-1	292	559	attach1	292	559	attach2	-1	1	0
2234	福瑞锦龙	1	15457	0.7	-1	269	536	attach1	269	536	attach1	-1	1	0
2235	岐首龙君	1	15467	0.7	-1	269	536	attach1	269	536	attach1	-1	1	0
2237	云霞	1	15537	0.7	-1	269	536	attach1	269	536	attach1	-1	1	0
2238	青霄	1	15538	0.7	-1	269	536	attach1	269	536	attach1	-1	1	0
2239	玉雪青萍	2	15574	0.6	-1	272	539	attach1	272	539	attach2	-1	-1	0
2242	极光羽翼	1	15611	0.7	-1	266	533	attach1	266	533	attach1	-1	-1	0
2243	霜翎明王雀	1	15642	0.7	-1	269	536	attach1	269	536	attach1	-1	-1	0
2244	长歌行	1	15644	0.6	-1	272	539	attach1	272	539	attach2	-1	-1	0
2245	骑乘180516七夕羽毛	1	15655	0.7	-1	1331	1332	attach1	1331	1332	attach1	-1	-1	0
2246	骑乘180516七夕羽毛蓝	1	15656	0.7	-1	1331	1332	attach1	1331	1332	attach1	-1	-1	0
2247	花月引	1	15665	0.7	-1	292	559	attach1	292	559	attach1	-1	-1	0
2248	御锋行	1	15673	0.7	-1	1700	1701	attach1	1700	1701	attach1	-1	-1	1
2249	栖凤歌	2	15717	0.7	-1	292	559	attach1	292	559	attach2	-1	-1	0
2250	霞上仙	2	15735	0.6	-1	272	539	attach1	272	539	attach2	-1	-1	1
2252	木鸢	1	15817	0.5	-1	269	536	attach1	269	536	attach1	-1	1	0
2253	晴风鸢	1	15816	0.5	-1	269	536	attach1	269	536	attach1	-1	1	0
2254	辞云鸢	1	15815	0.6	-1	269	536	attach1	269	536	attach1	-1	1	0
2257	乌夜兮游缰	1	15910	0.7	-1	269	536	attach1	269	536	attach1	-1	1	0
2260	水客乘鲤去	1	16011	1	-1	272	539	attach1	272	539	attach2	-1	-1	0
2261	蔓萝纤	1	16018	1	-1	292	559	attach1	292	559	attach1	-1	-1	0
2263	坠风莲	1	16064	0.7	-1	1702	1703	attach1	1702	1703	attach1	-1	-1	1
2264	云水叠	1	16071	0.7	-1	1702	1703	attach1	1702	1703	attach1	-1	-1	1
2265	汴京白马	1	16289	0.7	-1	1485	1484	attach1	1485	1484	attach1	-1	1	0
2266	汴京黑马	1	16288	0.7	-1	1485	1484	attach1	1485	1484	attach1	-1	1	0
2267	金鞍映雪	1	16266	0.7	-1	1485	1484	attach1	1485	1484	attach1	-1	1	0
2268	福魁狻猊	1	16370	0.7	-1	1704	1705	attach1	1704	1705	attach1	-1	1	0
2269	碧海照玉阶	1	16371	0.6	-1	292	559	attach1	292	559	attach1	-1	-1	0
2270	寒宫倚桂枝	1	16382	0.6	-1	292	559	attach1	292	559	attach1	-1	-1	0
2271	与春归	1	16383	0.7	-1	272	539	attach1	272	539	attach2	-1	-1	0
2273	踏兰山	1	16384	0.7	-1	1704	1705	attach1	1704	1705	attach1	-1	1	0
2274	芳遥天坠	2	16391	0.7	-1	292	559	attach1	292	559	attach2	-1	-1	0
2276	玉枕兰舟	1	16392	0.5	-1	1331	1332	attach1	1331	1332	attach1	-1	-1	0
2277	青荷易梦	1	16394	0.6	-1	272	539	attach1	272	539	attach2	-1	-1	0
2279	熔枫乌	1	16452	0.7	-1	269	536	attach1	269	536	attach1	-1	1	0
2280	焰翎乌	1	16453	0.7	-1	269	536	attach1	269	536	attach1	-1	1	0
2283	暖茸茸	1	16501	0.7	-1	272	539	attach1	272	539	attach1	-1	1	0
2284	鲤灯游	1	16502	0.7	-1	292	559	attach1	292	559	attach1	-1	1	0
2285	邀月	2	16535	0.7	-1	292	559	attach1	292	559	attach2	-1	-1	0
2286	纯白金翼	1	16536	0.7	-1	266	533	attach1	266	533	attach1	-1	-1	0
2287	濯蓝之翼	1	16537	0.7	-1	266	533	attach1	266	533	attach1	-1	-1	0
2289	武陵故梦	1	16589	0.7	-1	1331	1332	attach1	1331	1332	attach1	-1	-1	0
2290	春风灼华	1	16590	0.7	-1	1331	1332	attach1	1331	1332	attach1	-1	-1	0
2291	幽竹乘风	1	16587	0.6	-1	292	559	attach1	292	559	attach2	-1	-1	0
2292	扁舟梦蜀	1	16588	0.6	-1	292	559	attach1	292	559	attach2	-1	-1	0
2293	重明玉凰	1	16617	0.7	-1	269	536	attach1	269	536	attach1	-1	-1	0
2295	苍澜元圣	1	16683	0.7	-1	1704	1705	attach1	1704	1705	attach1	-1	1	0
2297	烈炎乌照	1	16707	0.7	-1	1704	1705	attach1	1704	1705	attach1	-1	1	0
2298	幽澜夜潜	1	16708	0.7	-1	1704	1705	attach1	1704	1705	attach1	-1	1	0
2301	青萝倚翠	1	16748	0.7	-1	292	559	attach1	292	559	attach1	-1	-1	0
2302	映月华川	1	16818	0.6	-1	272	539	attach1	272	539	attach1	-1	-1	0
2304	月色追风	1	16833	0.7	-1	1485	1484	attach1	1485	1484	attach1	-1	1	0
2305	锦绣星乘	2	16834	0.7	-1	292	559	attach1	292	559	attach2	-1	-1	0
2309	寒星灵驹	1	16976	0.7	-1	1485	1484	attach1	1485	1484	attach1	-1	1	0
2310	紫薇雪	1	17004	0.7	-1	267	534	attach1	267	534	attach1	-1	1	0
2317	烛照龙魂	2	17037	0.7	1194	269	536	attach2	269	536	attach1	-1	1	3
2319	赤炎燃疆	2	17038	0.7	1195	269	536	attach2	269	536	attach1	-1	1	0
2321	幽荧夜羽	2	17039	0.7	1196	269	536	attach2	269	536	attach1	-1	1	0
2323	灵隐虎	1	17348	0.5	-1	1704	1705	attach1	1704	1705	attach1	-1	1	0
2324	圣火狮	1	17349	0.6	-1	1704	1705	attach1	1704	1705	attach1	-1	1	0
2325	忠义狼	1	17350	0.5	-1	1704	1705	attach1	1704	1705	attach1	-1	1	0
2326	上清鹤	1	17351	0.9	-1	272	539	attach1	272	539	attach1	-1	-1	0
2327	息心凤	1	17352	0.5	-1	269	536	attach1	269	536	attach1	-1	-1	0
2328	紫云牛	1	17353	0.6	-1	1704	1705	attach1	1704	1705	attach1	-1	1	0
2329	远禅马	1	17354	0.6	-1	1704	1705	attach1	1704	1705	attach1	-1	1	0
2330	雪海雕	1	17355	0.5	-1	269	536	attach1	269	536	attach1	-1	-1	0
2331	北冥鹿	1	17356	0.6	-1	1485	1484	attach1	1485	1484	attach1	-1	1	0
2332	三燕羊	1	17357	0.6	-1	269	536	attach1	273	540	attach1	-1	1	0
2333	瑶山豹	1	17358	0.6	-1	269	536	attach1	269	536	attach1	-1	1	0
2334	云梦狐	1	17359	0.7	-1	269	536	attach1	269	536	attach1	-1	1	0
2335	桃影鸢	1	17360	0.6	-1	269	536	attach1	269	536	attach1	-1	1	0
2336	忘情乌	1	17361	0.7	-1	269	536	attach1	269	536	attach1	-1	1	0
2337	哈基米	1	17409	0.7	-1	1704	1705	attach1	1704	1705	attach1	-1	1	0
2343	御宝天禄	1	17458	0.7	-1	269	536	attach1	269	536	attach1	-1	1	0
2345	蛋蛋鸡飞椅	1	17484	0.6	-1	292	559	attach1	292	559	attach2	-1	-1	0
2346	飒露紫	1	17500	0.7	-1	1485	1484	attach1	1485	1484	attach1	-1	1	0
2347	碧海苍龙	1	17570	0.7	-1	267	534	attach1	267	534	attach1	-1	1	2
2364	山外猞	1	17851	0.6	-1	269	536	attach1	269	536	attach1	-1	1	0
2366	瑶池金鲤	1	18145	1	-1	272	539	attach1	272	539	attach2	-1	1	0
2372	九尾神狐	1	18302	0.7	-1	1706	1707	attach1	1706	1707	attach1	-1	1	1.5
2374	赤焰宝驹	1	18322	0.7	-1	1704	1705	attach1	1704	1705	attach1	-1	1	0
2385	苍雪领主	1	18523	0.6	-1	1706	1707	attach1	1706	1707	attach1	-1	1	4
2387	金辉领主	1	18524	0.6	-1	1706	1707	attach1	1706	1707	attach1	-1	1	4
2390	聚财貔貅	1	18526	0.6	-1	1706	1707	attach1	1706	1707	attach1	-1	1	1
