INT	STRING	STRING	STRING	STRING	INT	INT	INT	FLOAT	FLOAT	FLOAT	STRING	STRING	STRING	STRING	STRING	STRING	FLOAT	STRING	STRING	STRING	STRING	STRING	STRING	FLOAT	STRING	STRING	STRING	STRING	STRING	STRING	FLOAT	STRING	STRING	STRING	STRING	STRING	STRING	STRING	STRING	STRING	INT	STRING	STRING	STRING	STRING
INT	STRING	STRING	STRING	STRING	INT	INT	INT	FLOAT	FLOAT	FLOAT	STRING	STRING	STRING	STRING	STRING	STRING	FLOAT	STRING	STRING	STRING	STRING	STRING	STRING	FLOAT	STRING	STRING	STRING	STRING	STRING	STRING	FLOAT	STRING	STRING	STRING	STRING	STRING	STRING	STRING	STRING	STRING	INT	STRING	STRING	STRING	STRING
1	合掌运功	#W$N与$n合掌运功	#W$N与$n合掌运功	#W$N与$n合掌运功	1	1	0	0	180	1.01	1147;0	1147;0	1148;0	1148;0	1149;0	1149;0	0.98	1150;0	1150;0	1151;0	1151;0	1152;0	1152;0	0.98	1150;0	1150;0	1151;0	1151;0	1152;0	1152;0	0.88	1147;0	1147;0	1148;0	1148;0	1149;0	1149;0	Expression_double_2	合掌运功#r*@合掌运功	#H由于性别问题，你不能和此玩家进行该动作。	0				
2	背后传功	#W$N在$n背后传送功力	#W$N在$n背后传送功力	#W$N在$n背后传送功力	1	1	1	0	0	0.61	1156;0	1159;0	1157;0	1160;0	1158;0	1161;0	0.79	1153;0	1159;0	1154;0	1160;0	1155;0	1161;0	0.54	1156;0	1159;0	1157;0	1160;0	1158;0	1161;0	0.73	1153;0	1159;0	1154;0	1160;0	1155;0	1161;0	Expression_double_3	背后传功#r*@背后传功	#H由于性别问题，你不能和此玩家进行该动作。	0				
3	背后拥抱	#W$N从背后抱住了$n	#W$N从背后抱住了$n	#W$N从背后抱住了$n	1	1	1	0	0	0.22	1168;0	1171;0	1169;0	1172;0	1170;0	1173;0	0.33	1165;0	1165;0	1166;0	1166;0	1167;0	1167;0	0.3	1162;0	1162;0	1163;0	1163;0	1164;0	1164;0	0.36	1168;0	1171;0	1169;0	1172;0	1170;0	1173;0	Expression_double_5	背后拥抱#r*@背后拥抱	#H由于性别问题，你不能和此玩家进行该动作。	0				
4	深情对视	#W$N深情的看着$n	#W$N深情的看着$n	#W$N深情的看着$n	1	1	0	0	180	0.47	1177;0	1180;0	1178;0	1181;0	1179;0	1182;0	0.53	1174;0	1180;0	1175;0	1181;0	1176;0	1182;0	0.53	1180;0	1174;0	1181;0	1175;0	1182;0	1176;0	0.66	1174;0	1177;0	1175;0	1178;0	1176;0	1179;0	Expression_double_8	深情对视#r*@深情对视	#H由于性别问题，你不能和此玩家进行该动作。	0				
5	踢了一脚	#W$N生气的踢了$n一脚	#W$N生气的踢了$n一脚	#W$N生气的踢了$n一脚	1	0	0	0	180	0							0.53	1189;0	1189;0					0							0							Expression_double_11	踢了一脚#r*@踢了一脚	#H只有女性玩家可以对男性玩家使用此动作。	0				
6	相互拥抱	#W$N和$n拥抱在一起	#W$N和$n拥抱在一起	#W$N和$n拥抱在一起	1	1	0	0	180	0.43	1192;0	1192;0	1193;0	1193;0	1194;0	1194;0	0.38	1195;0	1195;0	1196;0	1196;0	1197;0	1197;0	0.38	1195;0	1195;0	1196;0	1196;0	1197;0	1197;0	0.4	1192;0	1192;0	1193;0	1193;0	1194;0	1194;0	Expression_double_4	相互拥抱#r*@相互拥抱	#H由于性别问题，你不能和此玩家进行该动作。	0				
7	背对背	#W$N依偎着$n	#W$N依偎着$n	#W$N依偎着$n	1	1	0	180	180	0.6	1144;0	1144;0	1145;0	1145;0	1146;0	1146;0	0.54	1144;0	1144;0	1145;0	1145;0	1146;0	1146;0	0.55	1144;0	1144;0	1145;0	1145;0	1146;0	1146;0	0.58	1144;0	1144;0	1145;0	1145;0	1146;0	1146;0	Expression_double_6	背对背#r*@背对背	#H由于性别问题，你不能和此玩家进行该动作。	0				
8	晕倒入怀	#W$N晕倒在$n怀里	#W$N晕倒在$n怀里	#W$N晕倒在$n怀里	1	1	0	0	180	0.5	1207;0	1201;0	1208;0	1202;0	1209;0	1203;0	0.5	1204;0	1201;0	1205;0	1202;0	1206;0	1203;0	0.5	1207;0	1198;0	1208;0	1199;0	1209;0	1200;0	0.5	1204;0	1198;0	1205;0	1199;0	1206;0	1200;0	Expression_double_7	晕倒入怀#r*@晕倒入怀	#H由于性别问题，你不能和此玩家进行该动作。	0				
9	听我解释	#W$N想向$n解释清楚	#W$N想向$n解释清楚	#W$N想向$n解释清楚	1	0	0	0	180	1.6	1190;0	1191;0					1.6	1190;0	1191;0					1.6	1190;0	1191;0					1.6	1190;0	1191;0					Expression_double_10	听我解释#r*@听我解释	#H由于性别问题，你不能和此玩家进行该动作。	0				
10	北乔峰，南慕容	#W$N和$n一起喊道：我们是北乔峰，南慕容！	#W$N和$n一起喊道：我们是北乔峰，南慕容！	#W$N和$n一起喊道：我们是北乔峰，南慕容！	1	1	0	0	180	2.26	1186;0	1183;0	1187;0	1184;0	1188;0	1185;0	2.26	1186;0	1186;0	1187;0	1187;0	1188;0	1188;0	2.26	1183;0	1183;0	1184;0	1184;0	1185;0	1185;0	2.24	1183;0	1186;0	1184;0	1187;0	1185;0	1188;0	Expression_double_14	北乔峰，南慕容#r*@北乔峰，南慕容	#H由于性别问题，你不能和此玩家进行该动作。	0				
11	默认11				0	0	0	0	0	0							0							0							0										0				
12	默认12				0	0	0	0	0	0							0							0							0										0				
13	默认13				0	0	0	0	0	0							0							0							0										0				
14	默认14				0	0	0	0	0	0							0							0							0										0				
15	默认15				0	0	0	0	0	0							0							0							0										0				
16	默认16				0	0	0	0	0	0							0							0							0										0				
17	默认17				0	0	0	0	0	0							0							0							0										0				
18	默认18				0	0	0	0	0	0							0							0							0										0				
19	默认19				0	0	0	0	0	0							0							0							0										0				
20	默认20				0	0	0	0	0	0							0							0							0										0				
21	默认21				0	0	0	0	0	0							0							0							0										0				
22	默认22				0	0	0	0	0	0							0							0							0										0				
23	默认23				0	0	0	0	0	0							0							0							0										0				
24	默认24				0	0	0	0	0	0							0							0							0										0				
25	默认25				0	0	0	0	0	0							0							0							0										0				
26	公主抱	#W$N把$n抱了起来	#W$N把$n抱了起来	#W$N把$n抱了起来	1	1	0	0	180	0.43	1219;0	1210;0	1220;0	1211;0	1221;0	1212;0	0.43	1216;0	1210;0	1217;0	1211;0	1218;0	1212;0	0.43	1219;0	1213;0	1220;0	1214;0	1221;0	1215;0	0.43	1213;0	1216;0	1214;0	1217;0	1215;0	1218;0	Expression_double_1	公主抱#r*@公主抱	#H由于性别问题，你不能和此玩家进行该动作。	0				
27	神雕双侠	#W$N和$n一起喊道：我们是神雕双侠！	#W$N和$n一起喊道：我们是神雕双侠！	#W$N和$n一起喊道：我们是神雕双侠！	1	1	1	0	0	1.05	1225;0	1222;0	1226;0	1223;0	1227;0	1224;0	0.8	1225;0	1225;0	1226;0	1226;0	1227;0	1227;0	1.54	1222;0	1222;0	1223;0	1223;0	1224;0	1224;0	1.3	1222;0	1225;0	1223;0	1226;0	1224;0	1227;0	Expression_double_13	神雕双侠#r*@神雕双侠	#H由于性别问题，你不能和此玩家进行该动作。	0				
28	默认28				0	0	0	0	0	0							0							0							0										0				
29	默认29				0	0	0	0	0	0							0							0							0										0				
30	默认30				0	0	0	0	0	0							0							0							0										0				
31	默认31				0	0	0	0	0	0							0							0							0										0				
32	默认32				0	0	0	0	0	0							0							0							0										0				
33	默认33				0	0	0	0	0	0							0							0							0										0				
34	默认34				0	0	0	0	0	0							0							0							0										0				
35	默认35				0	0	0	0	0	0							0							0							0										0				
36	默认36				0	0	0	0	0	0							0							0							0										0				
37	默认37				0	0	0	0	0	0							0							0							0										0				
38	默认38				0	0	0	0	0	0							0							0							0										0				
39	默认39				0	0	0	0	0	0							0							0							0										0				
40	默认40				0	0	0	0	0	0							0							0							0										0				
41	默认41				0	0	0	0	0	0							0							0							0										0				
42	默认42				0	0	0	0	0	0							0							0							0										0				
43	默认43				0	0	0	0	0	0							0							0							0										0				
44	默认44				0	0	0	0	0	0							0							0							0										0				
45	默认45				0	0	0	0	0	0							0							0							0										0				
46	默认46				0	0	0	0	0	0							0							0							0										0				
47	默认47				0	0	0	0	0	0							0							0							0										0				
48	默认48				0	0	0	0	0	0							0							0							0										0				
49	默认49				0	0	0	0	0	0							0							0							0										0				
50	默认50				0	0	0	0	0	0							0							0							0										0				
51	跪地求饶	#W$N跪在地上求$n原谅	#W$N跪在地上求$n原谅	#W$N跪在地上求$n原谅	1	0	0	0	180	0.75	1228;0	1229;0					0.75	1228;0	1229;0					0.75	1228;0	1229;0					0.75	1228;0	1229;0					Expression_double_9	跪地求饶#r*@跪地求饶	#H由于性别问题，你不能和此玩家进行该动作。	0				
52	扇耳光	#W$N狠狠的扇了$n一个耳光。	#W$N狠狠的扇了$n一个耳光。	#W$N狠狠的扇了$n一个耳光。	1	0	0	0	180	0							0.71	1230;0	1230;0					0							0							Expression_double2_2	扇耳光#r*@扇耳光	#H只能女性角色对男性角色使用。	0				
53	默认53				0	0	0	0	0	0							0							0							0										0				
54	默认54				0	0	0	0	0	0							0							0							0										0				
55	默认55				0	0	0	0	0	0							0							0							0										0				
56	默认56				0	0	0	0	0	0							0							0							0										0				
57	默认57				0	0	0	0	0	0							0							0							0										0				
58	默认58				0	0	0	0	0	0							0							0							0										0				
59	默认59				0	0	0	0	0	0							0							0							0										0				
60	默认60				0	0	0	0	0	0							0							0							0										0				
61	默认61				0	0	0	0	0	0							0							0							0										0				
62	默认62				0	0	0	0	0	0							0							0							0										0				
63	默认63				0	0	0	0	0	0							0							0							0										0				
64	默认64				0	0	0	0	0	0							0							0							0										0				
65	默认65				0	0	0	0	0	0							0							0							0										0				
66	默认66				0	0	0	0	0	0							0							0							0										0				
67	默认67				0	0	0	0	0	0							0							0							0										0				
68	默认68				0	0	0	0	0	0							0							0							0										0				
69	默认69				0	0	0	0	0	0							0							0							0										0				
70	默认70				0	0	0	0	0	0							0							0							0										0				
71	默认71				0	0	0	0	0	0							0							0							0										0				
72	默认72				0	0	0	0	0	0							0							0							0										0				
73	默认73				0	0	0	0	0	0							0							0							0										0				
74	默认74				0	0	0	0	0	0							0							0							0										0				
75	默认75				0	0	0	0	0	0							0							0							0										0				
76	勾肩搭背	#W$N和$n搭着肩膀站在一起	#W$N和$n搭着肩膀站在一起	#W$N和$n搭着肩膀站在一起	1	1	1	270	0	0.45	1231;0	1234;0	1232;0	1235;0	1233;0	1236;0	0							0							0.87	1231;0	1234;0	1232;0	1235;0	1233;0	1236;0	Expression_double_12	勾肩搭背#r*@勾肩搭背	#H只有同性玩家才能使用该动作。	0				
77	亲密	#W$N与$n依偎在一起	#W$N与$n依偎在一起	#W$N与$n依偎在一起	1	1	0	270	0	0	1237;0	1240;0	1238;0	1241;0	1239;0	1242;0	0	1237;0	1237;0	1238;0	1238;0	1239;0	1239;0	0	1237;0	1237;0	1238;0	1238;0	1239;0	1239;0	0							Expression_double_16	亲密#r*@亲密	#H男角色之间不能使用此动作。	0				
78	默认78				0	0	0	0	0	0							0							0							0										0				
79	默认79				0	0	0	0	0	0							0							0							0										0				
80	默认80				0	0	0	0	0	0							0							0							0										0				
81	默认81				0	0	0	0	0	0							0							0							0										0				
82	默认82				0	0	0	0	0	0							0							0							0										0				
83	默认83				0	0	0	0	0	0							0							0							0										0				
84	默认84				0	0	0	0	0	0							0							0							0										0				
85	默认85				0	0	0	0	0	0							0							0							0										0				
86	默认86				0	0	0	0	0	0							0							0							0										0				
87	默认87				0	0	0	0	0	0							0							0							0										0				
88	默认88				0	0	0	0	0	0							0							0							0										0				
89	默认89				0	0	0	0	0	0							0							0							0										0				
90	默认90				0	0	0	0	0	0							0							0							0										0				
91	默认91				0	0	0	0	0	0							0							0							0										0				
92	默认92				0	0	0	0	0	0							0							0							0										0				
93	默认93				0	0	0	0	0	0							0							0							0										0				
94	默认94				0	0	0	0	0	0							0							0							0										0				
95	默认95				0	0	0	0	0	0							0							0							0										0				
96	默认96				0	0	0	0	0	0							0							0							0										0				
97	默认97				0	0	0	0	0	0							0							0							0										0				
98	默认98				0	0	0	0	0	0							0							0							0										0				
99	默认99				0	0	0	0	0	0							0							0							0										0				
100	默认100				0	0	0	0	0	0							0							0							0										0				
101	情动绵柔掌	#W$N和$n一起使用了绝技“情动绵柔掌”。	#W$N和$n一起使用了绝技“情动绵柔掌”。	#W$N和$n一起使用了绝技“情动绵柔掌”。	1	0	0	0	180	1.45	1243;0	1244;0					1.45	1243;0	1244;0					1.45	1243;0	1244;0					1.45	1243;0	1244;0					Expression_double_15	情动绵柔掌#r*@情动绵柔掌	#H由于性别问题，你不能和此玩家进行该动作。	0				
102	拥抱	#W$N与$n深情的拥抱在一起。	#W$N与$n深情的拥抱在一起。	#W$N与$n深情的拥抱在一起。	1	0	0	0	180	0							0.71	1245;0	1245;0					0.71	1245;0	1245;0					0							Expression_double2_3	拥抱#r*@拥抱	#H只有异性玩家之间可以使用此动作。	0				
103	默认103				0	0	0	0	0	0							0							0							0										0				
104	默认104				0	0	0	0	0	0							0							0							0										0				
105	默认105				0	0	0	0	0	0							0							0							0										0				
106	默认106				0	0	0	0	0	0							0							0							0										0				
107	默认107				0	0	0	0	0	0							0							0							0										0				
108	默认108				0	0	0	0	0	0							0							0							0										0				
109	默认109				0	0	0	0	0	0							0							0							0										0				
110	默认110				0	0	0	0	0	0							0							0							0										0				
111	默认111				0	0	0	0	0	0							0							0							0										0				
112	默认112				0	0	0	0	0	0							0							0							0										0				
113	默认113				0	0	0	0	0	0							0							0							0										0				
114	默认114				0	0	0	0	0	0							0							0							0										0				
115	默认115				0	0	0	0	0	0							0							0							0										0				
116	默认116				0	0	0	0	0	0							0							0							0										0				
117	默认117				0	0	0	0	0	0							0							0							0										0				
118	默认118				0	0	0	0	0	0							0							0							0										0				
119	默认119				0	0	0	0	0	0							0							0							0										0				
120	默认120				0	0	0	0	0	0							0							0							0										0				
121	默认121				0	0	0	0	0	0							0							0							0										0				
122	默认122				0	0	0	0	0	0							0							0							0										0				
123	默认123				0	0	0	0	0	0							0							0							0										0				
124	默认124				0	0	0	0	0	0							0							0							0										0				
125	默认125				0	0	0	0	0	0							0							0							0										0				
126	剑术比试	暮光之下#W$N和$n决战于紫禁之巅。	暮光之下#W$N和$n决战于紫禁之巅。	暮光之下#W$N和$n决战于紫禁之巅。	1	0	1	0	180	0.5	1246;0	1246;0					0.5	1246;0	1246;0					0.5	1246;0	1246;0					0.5	1246;0	1246;0					Expression_double2_1	剑术比武#r*@剑术比武	#H由于性别问题，你不能和此玩家进行该动作。	0				
127	舞剑	#W$N舞剑，意在$n。	#W$N舞剑，意在$n。	#W$N舞剑，意在$n。	1	0	1	270	0	2.3	1247;0	1247;0					1.3	1247;0	1247;0					1.3	1247;0	1247;0					1.3	1247;0	1247;0					Expression_double2_4	舞剑#r*@舞剑	#H由于性别问题，你不能和此玩家进行该动作。	0				
128	默认128				0	0	0	0	0	0							0							0							0										0				
129	默认129				0	0	0	0	0	0							0							0							0										0				
130	默认130				0	0	0	0	0	0							0							0							0										0				
131	默认131				0	0	0	0	0	0							0							0							0										0				
132	默认132				0	0	0	0	0	0							0							0							0										0				
133	默认133				0	0	0	0	0	0							0							0							0										0				
134	默认134				0	0	0	0	0	0							0							0							0										0				
135	默认135				0	0	0	0	0	0							0							0							0										0				
136	默认136				0	0	0	0	0	0							0							0							0										0				
137	默认137				0	0	0	0	0	0							0							0							0										0				
138	默认138				0	0	0	0	0	0							0							0							0										0				
139	默认139				0	0	0	0	0	0							0							0							0										0				
140	默认140				0	0	0	0	0	0							0							0							0										0				
141	默认141				0	0	0	0	0	0							0							0							0										0				
142	默认142				0	0	0	0	0	0							0							0							0										0				
143	默认143				0	0	0	0	0	0							0							0							0										0				
144	默认144				0	0	0	0	0	0							0							0							0										0				
145	默认145				0	0	0	0	0	0							0							0							0										0				
146	默认146				0	0	0	0	0	0							0							0							0										0				
147	默认147				0	0	0	0	0	0							0							0							0										0				
148	默认148				0	0	0	0	0	0							0							0							0										0				
149	默认149				0	0	0	0	0	0							0							0							0										0				
150	默认150				0	0	0	0	0	0							0							0							0										0				
151	御剑飞行	#W$N与$n一同御剑而飞，仙逸非凡。	#W$N与$n一同御剑而飞，仙逸非凡。	#W$N与$n一同御剑而飞，仙逸非凡。	1	1	0	0	180	0.26	1248;0	1249;0	1250;0	1251;0	1252;0	1253;0	0.26	1254;0	1248;0	1255;0	1249;0	1256;0	1250;0	0.26	1251;0	1257;0	1252;0	1258;0	1253;0	1259;0	0.26	1254;0	1255;0	1256;0	1257;0	1258;0	1259;0	Expression_double2_5	*@御剑飞行	#H由于性别问题，你不能和此玩家进行该动作。	0				
152	把酒言欢	#W$N与$n把酒言欢，笑谈江湖事。	#W$N与$n把酒言欢，笑谈江湖事。	#W$N与$n把酒言欢，笑谈江湖事。	1	1	1	90	0	0.66	1260;0	1261;0	1262;0	1263;0	1264;0	1265;0	0.66	1266;0	1260;0	1267;0	1261;0	1268;0	1262;0	0.66	1263;0	1269;0	1264;0	1270;0	1265;0	1271;0	0.8	1266;0	1267;0	1268;0	1269;0	1270;0	1271;0	Expression_double2_6	*@把酒言欢	#H由于性别问题，你不能和此玩家进行该动作。	0				
153	凌空旋舞	#W$N与$n凌空而立，携手共蹁跹。	#W$N与$n凌空而立，携手共蹁跹。	#W$N与$n凌空而立，携手共蹁跹。	1	0	0	0	180	1.8	1273;0	1272;0					2	1272;0	1273;0					2	1272;0	1273;0					2.2	1272;0	1273;0					Expression_double2_7	*@凌空旋舞	#H由于性别问题，你不能和此玩家进行该动作。	0				
154	无双剑舞	#W$N与$n背向而立，舞出一段无双剑意。	#W$N与$n背向而立，舞出一段无双剑意。	#W$N与$n背向而立，舞出一段无双剑意。	1	0	0	180	180	2.08	1275;0	1274;0					2.08	1274;0	1275;0					2.08	1274;0	1275;0					2.08	1274;0	1275;0					Expression_double2_8	*@无双剑舞	#H由于性别问题，你不能和此玩家进行该动作。	0				
155	双剑合璧	#W$N与$n双剑合壁，共御来犯之敌。	#W$N与$n双剑合壁，共御来犯之敌。	#W$N与$n双剑合壁，共御来犯之敌。	1	0	0	0	180	0.71	1277;0	1276;0					0.71	1276;0	1277;0					0.71	1276;0	1277;0					0.71	1276;0	1277;0					Expression_double2_9	*@双剑合璧	#H由于性别问题，你不能和此玩家进行该动作。	0				
156	剑意圆融	#W$N与$n持剑相倚，剑势袭人，剑意圆融。	#W$N与$n持剑相倚，剑势袭人，剑意圆融。	#W$N与$n持剑相倚，剑势袭人，剑意圆融。	1	1	0	180	180	0.9	1284;0	1285;0	1286;0	1287;0	1288;0	1289;0	1	1278;0	1279;0	1280;0	1281;0	1282;0	1283;0	1	1278;0	1279;0	1280;0	1281;0	1282;0	1283;0	1.1	1278;0	1279;0	1280;0	1281;0	1282;0	1283;0	Expression_double2_10	*@剑意圆融	#H由于性别问题，你不能和此玩家进行该动作。	0				
157	剑荡江湖：占位1				0	0	0	0	0	0							0							0							0										0				
158	剑荡江湖：占位2				0	0	0	0	0	0							0							0							0										0				
159	剑荡江湖：占位3				0	0	0	0	0	0							0							0							0										0				
160	剑荡江湖：占位4				0	0	0	0	0	0							0							0							0										0				
161	剑荡江湖：占位5				0	0	0	0	0	0							0							0							0										0				
162	剑荡江湖：占位6				0	0	0	0	0	0							0							0							0										0				
163	剑荡江湖：占位7				0	0	0	0	0	0							0							0							0										0				
164	剑荡江湖：占位8				0	0	0	0	0	0							0							0							0										0				
165	剑荡江湖：占位9				0	0	0	0	0	0							0							0							0										0				
166	剑荡江湖：占位10				0	0	0	0	0	0							0							0							0										0				
167	剑荡江湖：占位11				0	0	0	0	0	0							0							0							0										0				
168	剑荡江湖：占位12				0	0	0	0	0	0							0							0							0										0				
169	剑荡江湖：占位13				0	0	0	0	0	0							0							0							0										0				
170	剑荡江湖：占位14				0	0	0	0	0	0							0							0							0										0				
171	剑荡江湖：占位15				0	0	0	0	0	0							0							0							0										0				
172	剑荡江湖：占位16				0	0	0	0	0	0							0							0							0										0				
173	剑荡江湖：占位17				0	0	0	0	0	0							0							0							0										0				
174	剑荡江湖：占位18				0	0	0	0	0	0							0							0							0										0				
175	剑荡江湖：占位19				0	0	0	0	0	0							0							0							0										0				
176	含情脉脉	#W$N含情脉脉的看着$n	#W$N含情脉脉的看着$n	#W$N含情脉脉的看着$n	1	0	0	0	180	0.5	1292;0	1293;0					0.5	1291;0	1291;0					0.5	1290;0	1290;0					0.5	1292;0	1293;0					Expression_double2_11	含情脉脉#r*@含情脉脉	#H由于性别问题，你不能和此玩家进行该动作。	0				
177	激情共舞	#W$N与$n激情共舞	#W$N与$n激情共舞	#W$N与$n激情共舞	1	0	0	270	0	1.5	1295;0	1295;0					0.9	1295;0	1295;0					0.9	1295;0	1295;0					0.9	1295;0	1295;0					Expression_double2_12	激情共舞#r*@激情共舞	#H由于性别问题，你不能和此玩家进行该动作。	0				
178	灵魂舞者	#W$N与$n翩翩起舞	#W$N与$n翩翩起舞	#W$N与$n翩翩起舞	1	0	0	270	0	1.5	1294;0	1294;0					0.9	1294;0	1294;0					0.9	1294;0	1294;0					0.9	1294;0	1294;0					Expression_double2_13	灵魂舞者#r*@灵魂舞者	#H由于性别问题，你不能和此玩家进行该动作。	0				
179	动作包G：占位1				0	0	0	0	0	0							0							0							0										0				
180	动作包G：占位2				0	0	0	0	0	0							0							0							0										0				
181	动作包G：占位3				0	0	0	0	0	0							0							0							0										0				
182	动作包G：占位4				0	0	0	0	0	0							0							0							0										0				
183	动作包G：占位5				0	0	0	0	0	0							0							0							0										0				
184	动作包G：占位6				0	0	0	0	0	0							0							0							0										0				
185	动作包G：占位7				0	0	0	0	0	0							0							0							0										0				
186	动作包G：占位8				0	0	0	0	0	0							0							0							0										0				
187	动作包G：占位9				0	0	0	0	0	0							0							0							0										0				
188	动作包G：占位10				0	0	0	0	0	0							0							0							0										0				
189	动作包G：占位11				0	0	0	0	0	0							0							0							0										0				
190	动作包G：占位12				0	0	0	0	0	0							0							0							0										0				
191	动作包G：占位13				0	0	0	0	0	0							0							0							0										0				
192	动作包G：占位14				0	0	0	0	0	0							0							0							0										0				
193	动作包G：占位15				0	0	0	0	0	0							0							0							0										0				
194	动作包G：占位16				0	0	0	0	0	0							0							0							0										0				
195	动作包G：占位17				0	0	0	0	0	0							0							0							0										0				
196	动作包G：占位18				0	0	0	0	0	0							0							0							0										0				
197	动作包G：占位19				0	0	0	0	0	0							0							0							0										0				
198	动作包G：占位20				0	0	0	0	0	0							0							0							0										0				
199	动作包G：占位21				0	0	0	0	0	0							0							0							0										0				
200	动作包G：占位22				0	0	0	0	0	0							0							0							0										0				
201	撒娇	#W$N向$n撒起娇来	#W$N向$n撒起娇来	#W$N向$n撒起娇来	1	0	0	0	180	0.6	1297;0	1296;0					0.6	1299;0	1299;0					0.6	1298;0	1298;0					0.6	1297;0	1296;0					Expression_double2_14	撒娇#r*@撒娇	#H由于性别问题，你不能和此玩家进行该动作。	0				
202	深情表白	#W$N对$n深情表白	#W$N对$n深情表白	#W$N对$n深情表白	1	0	0	0	180	0.6	1301;0	1302;0					0.6	1304;0	1304;0					0.6	1303;0	1303;0					0.6	1301;0	1302;0					Expression_double2_15	深情表白#r*@深情表白	#H由于性别问题，你不能和此玩家进行该动作。	0				
203	举高高	#W$N将$n举起来	#W$N将$n举起来	#W$N将$n举起来	1	0	0	0	180	0.62	1305;0	1306;0					0.62	1308;0	1308;0					0.62	1307;0	1307;0					0.62	1306;0	1305;0					Expression_double2_16	举高高#r*@举高高	#H由于性别问题，你不能和此玩家进行该动作。	0				
204	动作包H：占位1				0	0	0	0	0	0							0							0							0										0				
205	动作包H：占位2				0	0	0	0	0	0							0							0							0										0				
206	动作包H：占位3				0	0	0	0	0	0							0							0							0										0				
207	动作包H：占位4				0	0	0	0	0	0							0							0							0										0				
208	动作包H：占位5				0	0	0	0	0	0							0							0							0										0				
209	动作包H：占位6				0	0	0	0	0	0							0							0							0										0				
210	动作包H：占位7				0	0	0	0	0	0							0							0							0										0				
211	动作包H：占位8				0	0	0	0	0	0							0							0							0										0				
212	动作包H：占位9				0	0	0	0	0	0							0							0							0										0				
213	动作包H：占位10				0	0	0	0	0	0							0							0							0										0				
214	动作包H：占位11				0	0	0	0	0	0							0							0							0										0				
215	动作包H：占位12				0	0	0	0	0	0							0							0							0										0				
216	动作包H：占位13				0	0	0	0	0	0							0							0							0										0				
217	动作包H：占位14				0	0	0	0	0	0							0							0							0										0				
218	动作包H：占位15				0	0	0	0	0	0							0							0							0										0				
219	动作包H：占位16				0	0	0	0	0	0							0							0							0										0				
220	动作包H：占位17				0	0	0	0	0	0							0							0							0										0				
221	动作包H：占位18				0	0	0	0	0	0							0							0							0										0				
222	动作包H：占位19				0	0	0	0	0	0							0							0							0										0				
223	动作包H：占位20				0	0	0	0	0	0							0							0							0										0				
224	动作包H：占位21				0	0	0	0	0	0							0							0							0										0				
225	动作包H：占位22				0	0	0	0	0	0							0							0							0										0				
226	簪钗	#W$N向$n将金钗戴于冠髻中	#W$N向$n将金钗戴于冠髻中	#W$N向$n将金钗戴于冠髻中	1	0	0	0	180	0							0.5	1310;0	1310;0					0.5	1310;0	1310;0					0							Expression_double3_2	簪钗#r*@簪钗	#H由于性别问题，你不能和此玩家进行该动作。	0				
227	拜堂	#W$N与$n正行拜堂之礼	#W$N向$n正行拜堂之礼	#W$N向$n正行拜堂之礼	1	0	0	0	180	0							1	1309;0	1309;0					1	1309;0	1309;0					0							Expression_double3_3	拜堂#r*@拜堂	#H由于性别问题，你不能和此玩家进行该动作。	0				
228	合欢酒	#W$N与$n执双杯互饮合欢酒	#W$N与$n执双杯互饮合欢酒	#W$N与$n执双杯互饮合欢酒	1	0	0	0	180	0							0.5	1311;0	1311;0					0.5	1311;0	1311;0					0							Expression_double3_1	合欢酒#r*@合欢酒	#H由于性别问题，你不能和此玩家进行该动作。	0				
229	转圈圈	#W$N与$n开心的转起了圈圈	#W$N与$n开心的转起了圈圈	#W$N与$n开心的转起了圈圈	1	0	0	0	180	0							1	1312;0	1312;0					1	1312;0	1312;0					0							Expression_double3_4	转圈圈#r*@转圈圈	#H由于性别问题，你不能和此玩家进行该动作。	0				
230	动作包I：占位1				0	0	0	0	0	0							0							0							0										0				
231	动作包I：占位2				0	0	0	0	0	0							0							0							0										0				
232	动作包I：占位3				0	0	0	0	0	0							0							0							0										0				
233	动作包I：占位4				0	0	0	0	0	0							0							0							0										0				
234	动作包I：占位5				0	0	0	0	0	0							0							0							0										0				
235	动作包I：占位6				0	0	0	0	0	0							0							0							0										0				
236	动作包I：占位7				0	0	0	0	0	0							0							0							0										0				
237	动作包I：占位8				0	0	0	0	0	0							0							0							0										0				
238	动作包I：占位9				0	0	0	0	0	0							0							0							0										0				
239	动作包I：占位10				0	0	0	0	0	0							0							0							0										0				
240	动作包I：占位11				0	0	0	0	0	0							0							0							0										0				
241	动作包I：占位12				0	0	0	0	0	0							0							0							0										0				
242	动作包I：占位13				0	0	0	0	0	0							0							0							0										0				
243	动作包I：占位14				0	0	0	0	0	0							0							0							0										0				
244	动作包I：占位15				0	0	0	0	0	0							0							0							0										0				
245	动作包I：占位16				0	0	0	0	0	0							0							0							0										0				
246	动作包I：占位17				0	0	0	0	0	0							0							0							0										0				
247	动作包I：占位18				0	0	0	0	0	0							0							0							0										0				
248	动作包I：占位19				0	0	0	0	0	0							0							0							0										0				
249	动作包I：占位20				0	0	0	0	0	0							0							0							0										0				
250	动作包I：占位21				0	0	0	0	0	0							0							0							0										0				
251	引颈待割	#W$N和$n让周围的人都洗干净脖子等着	#W$N和$n让周围的人都洗干净脖子等着	#W$N和$n让周围的人都洗干净脖子等着	1	0	0	90	0	1	1313;0	1313;0					1	1313;0	1313;0					1	1313;0	1313;0					1	1313;0	1313;0					Expression_double3_5	引颈待割#r*@引颈待割		0				
252	投降	#W$N和$n双双投降，企图不再挨打	#W$N和$n双双投降，企图不再挨打	#W$N和$n双双投降，企图不再挨打	1	0	0	90	0	1	1314;0	1314;0					1	1314;0	1314;0					1	1314;0	1314;0					1	1314;0	1314;0					Expression_double3_6	投降#r*@投降		0				
253	你过来啊	#W$N和$n对着周围的人大喊：你过来啊！	#W$N和$n对着周围的人大喊：你过来啊！	#W$N和$n对着周围的人大喊：你过来啊！	1	0	0	90	0	1	1315;0	1315;0					1	1315;0	1315;0					1	1315;0	1315;0					1	1315;0	1315;0					Expression_double3_7	你过来啊#r*@你过来啊		0				
254	动作包M：占位1				0	0	0	0	0	0							0							0							0										0				
255	动作包M：占位2				0	0	0	0	0	0							0							0							0										0				
256	动作包M：占位3				0	0	0	0	0	0							0							0							0										0				
257	动作包M：占位4				0	0	0	0	0	0							0							0							0										0				
258	动作包M：占位5				0	0	0	0	0	0							0							0							0										0				
259	动作包M：占位6				0	0	0	0	0	0							0							0							0										0				
260	动作包M：占位7				0	0	0	0	0	0							0							0							0										0				
261	动作包M：占位8				0	0	0	0	0	0							0							0							0										0				
262	动作包M：占位9				0	0	0	0	0	0							0							0							0										0				
263	动作包M：占位10				0	0	0	0	0	0							0							0							0										0				
264	动作包M：占位11				0	0	0	0	0	0							0							0							0										0				
265	动作包M：占位12				0	0	0	0	0	0							0							0							0										0				
266	动作包M：占位13				0	0	0	0	0	0							0							0							0										0				
267	动作包M：占位14				0	0	0	0	0	0							0							0							0										0				
268	动作包M：占位15				0	0	0	0	0	0							0							0							0										0				
269	动作包M：占位16				0	0	0	0	0	0							0							0							0										0				
270	动作包M：占位17				0	0	0	0	0	0							0							0							0										0				
271	动作包M：占位18				0	0	0	0	0	0							0							0							0										0				
272	动作包M：占位19				0	0	0	0	0	0							0							0							0										0				
273	动作包M：占位20				0	0	0	0	0	0							0							0							0										0				
274	动作包M：占位21				0	0	0	0	0	0							0							0							0										0				
275	动作包M：占位22				0	0	0	0	0	0							0							0							0										0				
276	情缘玉佩	#W$N和$n交换玉佩，互表心意。	#W$N和$n交换玉佩，互表心意。	#W$N和$n交换玉佩，互表心意。	1	0	0	0	180	1.38	1323;0	1322;0					1.38	1323;0	1322;0					1.38	1323;0	1322;0					1.38	1323;0	1322;0								0				
277	活动动作:占位2				0	0	0	0	0	0							0							0							0										0				
278	活动动作:占位3				0	0	0	0	0	0							0							0							0										0				
279	活动动作:占位4				0	0	0	0	0	0							0							0							0										0				
280	活动动作:占位5				0	0	0	0	0	0							0							0							0										0				
281	活动动作:占位6				0	0	0	0	0	0							0							0							0										0				
282	活动动作:占位7				0	0	0	0	0	0							0							0							0										0				
283	活动动作:占位8				0	0	0	0	0	0							0							0							0										0				
284	活动动作:占位9				0	0	0	0	0	0							0							0							0										0				
285	活动动作:占位10				0	0	0	0	0	0							0							0							0										0				
286	活动动作:占位11				0	0	0	0	0	0							0							0							0										0				
287	活动动作:占位12				0	0	0	0	0	0							0							0							0										0				
288	活动动作:占位13				0	0	0	0	0	0							0							0							0										0				
289	活动动作:占位14				0	0	0	0	0	0							0							0							0										0				
290	活动动作:占位15				0	0	0	0	0	0							0							0							0										0				
291	活动动作:占位16				0	0	0	0	0	0							0							0							0										0				
292	活动动作:占位17				0	0	0	0	0	0							0							0							0										0				
293	活动动作:占位18				0	0	0	0	0	0							0							0							0										0				
294	活动动作:占位19				0	0	0	0	0	0							0							0							0										0				
295	活动动作:占位20				0	0	0	0	0	0							0							0							0										0				
296	活动动作:占位21				0	0	0	0	0	0							0							0							0										0				
297	活动动作:占位22				0	0	0	0	0	0							0							0							0										0				
298	活动动作:占位23				0	0	0	0	0	0							0							0							0										0				
299	活动动作:占位24				0	0	0	0	0	0							0							0							0										0				
300	活动动作:占位25				0	0	0	0	0	0							0							0							0										0				
301	凌波共月	#W$N与$n深情相望，在月下共许一生的诺言。	#W$N与$n深情相望，在月下共许一生的诺言。	#W$N与$n深情相望，在月下共许一生的诺言。	1	0	0	0	180	0							0.5	1332;0	1332;0					0.5	1332;0	1332;0					0							Expression_double3_4	凌波共月#r*@凌波共月	#H由于性别问题，你不能和此玩家进行该动作。	0				
302	动作包N：占位1				0	0	0	0	0	0							0							0							0										0				
303	动作包N：占位2				0	0	0	0	0	0							0							0							0										0				
304	动作包N：占位3				0	0	0	0	0	0							0							0							0										0				
305	动作包N：占位4				0	0	0	0	0	0							0							0							0										0				
306	动作包N：占位5				0	0	0	0	0	0							0							0							0										0				
307	动作包N：占位6				0	0	0	0	0	0							0							0							0										0				
308	动作包N：占位7				0	0	0	0	0	0							0							0							0										0				
309	动作包N：占位8				0	0	0	0	0	0							0							0							0										0				
310	动作包N：占位9				0	0	0	0	0	0							0							0							0										0				
311	动作包N：占位10				0	0	0	0	0	0							0							0							0										0				
312	动作包N：占位11				0	0	0	0	0	0							0							0							0										0				
313	动作包N：占位12				0	0	0	0	0	0							0							0							0										0				
314	动作包N：占位13				0	0	0	0	0	0							0							0							0										0				
315	动作包N：占位14				0	0	0	0	0	0							0							0							0										0				
316	动作包N：占位15				0	0	0	0	0	0							0							0							0										0				
317	动作包N：占位16				0	0	0	0	0	0							0							0							0										0				
318	动作包N：占位17				0	0	0	0	0	0							0							0							0										0				
319	动作包N：占位18				0	0	0	0	0	0							0							0							0										0				
320	动作包N：占位19				0	0	0	0	0	0							0							0							0										0				
321	动作包N：占位20				0	0	0	0	0	0							0							0							0										0				
322	动作包N：占位21				0	0	0	0	0	0							0							0							0										0				
323	动作包N：占位22				0	0	0	0	0	0							0							0							0										0				
324	动作包N：占位23				0	0	0	0	0	0							0							0							0										0				
325	动作包N：占位24				0	0	0	0	0	0							0							0							0										0				
326	久别再逢	#W$N与$n重逢相拥，欢喜有之，酸楚有之，一时无言。	#W$N与$n重逢相拥，欢喜有之，酸楚有之，一时无言。	#W$N与$n重逢相拥，欢喜有之，酸楚有之，一时无言。	1	0	0	0	180	0							2.42	1333;0	1333;0					2.42	1333;0	1333;0					0							Expression_double3_4	久别再逢#r*@久别再逢	#H由于性别问题，你不能和此玩家进行该动作。	0				
327	默认151				0	0	0	0	0	0							0							0							0										0				
328	默认152				0	0	0	0	0	0							0							0							0										0				
329	默认153				0	0	0	0	0	0							0							0							0										0				
330	默认154				0	0	0	0	0	0							0							0							0										0				
331	默认155				0	0	0	0	0	0							0							0							0										0				
332	默认156				0	0	0	0	0	0							0							0							0										0				
333	默认157				0	0	0	0	0	0							0							0							0										0				
334	默认158				0	0	0	0	0	0							0							0							0										0				
335	默认159				0	0	0	0	0	0							0							0							0										0				
336	默认160				0	0	0	0	0	0							0							0							0										0				
337	默认161				0	0	0	0	0	0							0							0							0										0				
338	默认162				0	0	0	0	0	0							0							0							0										0				
339	默认163				0	0	0	0	0	0							0							0							0										0				
340	默认164				0	0	0	0	0	0							0							0							0										0				
341	默认165				0	0	0	0	0	0							0							0							0										0				
342	默认166				0	0	0	0	0	0							0							0							0										0				
343	默认167				0	0	0	0	0	0							0							0							0										0				
344	默认168				0	0	0	0	0	0							0							0							0										0				
345	默认169				0	0	0	0	0	0							0							0							0										0				
346	默认170				0	0	0	0	0	0							0							0							0										0				
347	默认171				0	0	0	0	0	0							0							0							0										0				
348	默认172				0	0	0	0	0	0							0							0							0										0				
349	默认173				0	0	0	0	0	0							0							0							0										0				
350	默认174				0	0	0	0	0	0							0							0							0										0				
351	儿女情长	#W$N与$n欢闹说笑，至真至趣，着实令人艳羡。	#W$N与$n欢闹说笑，至真至趣，着实令人艳羡。	#W$N与$n欢闹说笑，至真至趣，着实令人艳羡。	1	0	0	0	180	0							0.64	1409;0	1409;0					0.64	1409;0	1409;0					0							Expression_double3_9	儿女情长#r*@儿女情长	#H由于性别问题，你不能和此玩家进行该动作。	0				
352	默认175				0	0	0	0	0	0							0							0							0										0				
353	默认176				0	0	0	0	0	0							0							0							0										0				
354	默认177				0	0	0	0	0	0							0							0							0										0				
355	默认178				0	0	0	0	0	0							0							0							0										0				
356	默认179				0	0	0	0	0	0							0							0							0										0				
357	默认180				0	0	0	0	0	0							0							0							0										0				
358	默认181				0	0	0	0	0	0							0							0							0										0				
359	默认182				0	0	0	0	0	0							0							0							0										0				
360	默认183				0	0	0	0	0	0							0							0							0										0				
361	默认184				0	0	0	0	0	0							0							0							0										0				
362	默认185				0	0	0	0	0	0							0							0							0										0				
363	默认186				0	0	0	0	0	0							0							0							0										0				
364	默认187				0	0	0	0	0	0							0							0							0										0				
365	默认188				0	0	0	0	0	0							0							0							0										0				
366	默认189				0	0	0	0	0	0							0							0							0										0				
367	默认190				0	0	0	0	0	0							0							0							0										0				
368	默认191				0	0	0	0	0	0							0							0							0										0				
369	默认192				0	0	0	0	0	0							0							0							0										0				
370	默认193				0	0	0	0	0	0							0							0							0										0				
371	默认194				0	0	0	0	0	0							0							0							0										0				
372	默认195				0	0	0	0	0	0							0							0							0										0				
373	默认196				0	0	0	0	0	0							0							0							0										0				
374	默认197				0	0	0	0	0	0							0							0							0										0				
375	默认198				0	0	0	0	0	0							0							0							0										0				
