INT	INT	INT	INT	INT	INT	INT	INT	
INT	INT	INT	INT	INT	INT	INT	INT	
1	-1	250	-1	-1	-1	1	1	
2	-1	251	-1	-1	-1	1	2	
3	-1	252	-1	-1	-1	1	3	
4	-1	253	-1	-1	-1	1	4	
5	-1	254	-1	-1	-1	1	5	
6	-1	255	-1	-1	-1	1	6	
7	-1	256	-1	-1	-1	1	7	
8	-1	257	-1	-1	-1	1	8	
9	-1	258	-1	-1	-1	1	9	
10	-1	259	-1	-1	-1	1	10	
11	-1	260	-1	-1	-1	1	11	
12	-1	261	-1	-1	-1	1	12	
13	-1	262	-1	-1	-1	1	13	
14	-1	263	-1	-1	-1	1	14	
15	-1	264	-1	-1	-1	1	15	
16	-1	265	-1	-1	-1	1	16	
17	-1	266	-1	-1	-1	1	17	
18	-1	267	-1	-1	-1	1	18	
19	-1	268	-1	-1	-1	1	19	
20	-1	269	-1	-1	-1	1	20	
21	-1	270	-1	-1	-1	1	21	
22	-1	271	-1	-1	-1	1	22	
23	-1	272	-1	-1	-1	1	23	
24	-1	273	-1	-1	-1	1	24	
25	-1	274	-1	-1	-1	1	25	
26	-1	275	-1	-1	-1	1	26	
27	-1	276	-1	-1	-1	1	27	
28	-1	277	-1	-1	-1	1	28	
29	-1	278	-1	-1	-1	1	29	
30	-1	279	-1	-1	-1	1	30	
31	-1	280	-1	-1	-1	1	31	
32	-1	281	-1	-1	-1	1	32	
33	-1	284	-1	-1	-1	1	33	
34	-1	282	-1	-1	-1	1	34	
35	-1	283	-1	-1	-1	1	35	
36	-1	286	-1	-1	-1	1	36	
37	-1	337	-1	-1	-1	1	37	
38	-1	338	-1	-1	-1	1	38	
39	-1	339	-1	-1	-1	1	39	
40	-1	340	-1	-1	-1	1	40	
41	-1	341	-1	-1	-1	1	41	
42	-1	342	-1	-1	-1	1	42	
43	-1	343	-1	-1	-1	1	43	
44	-1	360	-1	-1	-1	1	44	
45	-1	361	-1	-1	-1	1	45	
46	-1	362	-1	-1	-1	1	46	
47	-1	363	-1	-1	-1	1	47	
48	-1	364	-1	-1	-1	1	48	
49	-1	365	-1	-1	-1	1	49	
50	-1	366	-1	-1	-1	1	50	
51	-1	367	-1	-1	-1	1	51	
52	-1	368	-1	-1	-1	1	52	
53	-1	369	-1	-1	-1	1	53	
54	-1	370	-1	-1	-1	1	54	
55	-1	371	-1	-1	-1	1	55	
56	-1	372	-1	-1	-1	1	56	
57	-1	373	-1	-1	-1	1	57	
58	-1	374	-1	-1	-1	1	58	
59	-1	375	-1	-1	-1	1	59	
60	-1	376	-1	-1	-1	1	60	
61	-1	377	-1	-1	-1	1	61	
62	-1	378	-1	-1	-1	1	62	
63	-1	284	-1	-1	-1	2	33	
64	-1	284	-1	-1	-1	3	33	
65	-1	284	-1	-1	-1	4	33	
66	-1	284	-1	-1	-1	5	33	
67	-1	284	-1	-1	-1	6	33	
68	-1	284	-1	-1	-1	7	33	
69	-1	284	-1	-1	-1	8	33	
70	-1	284	-1	-1	-1	9	33	
71	-1	340	-1	-1	-1	2	40	
72	-1	340	-1	-1	-1	3	40	
73	-1	340	-1	-1	-1	4	40	
74	-1	340	-1	-1	-1	5	40	
75	-1	340	-1	-1	-1	6	40	
76	-1	340	-1	-1	-1	7	40	
77	-1	340	-1	-1	-1	8	40	
78	-1	340	-1	-1	-1	9	40	
79	-1	372	-1	-1	-1	2	56	
80	-1	372	-1	-1	-1	3	56	
81	-1	372	-1	-1	-1	4	56	
82	-1	372	-1	-1	-1	5	56	
83	-1	372	-1	-1	-1	6	56	
84	-1	372	-1	-1	-1	7	56	
85	-1	372	-1	-1	-1	8	56	
86	-1	372	-1	-1	-1	9	56	
87	-1	373	-1	-1	-1	2	57	
88	-1	373	-1	-1	-1	3	57	
89	-1	373	-1	-1	-1	4	57	
90	-1	373	-1	-1	-1	5	57	
91	-1	373	-1	-1	-1	6	57	
92	-1	373	-1	-1	-1	7	57	
93	-1	373	-1	-1	-1	8	57	
94	-1	373	-1	-1	-1	9	57	
95	-1	379	-1	-1	-1	1	63	
106	-1	382	-1	-1	-1	1	106	
107	-1	383	-1	-1	-1	1	107	
108	-1	384	-1	-1	-1	1	108	
109	-1	385	-1	-1	-1	1	109	
110	-1	283	-1	-1	-1	2	35	
111	-1	283	-1	-1	-1	3	35	
112	-1	283	-1	-1	-1	4	35	
113	-1	283	-1	-1	-1	5	35	
114	-1	283	-1	-1	-1	6	35	
115	-1	283	-1	-1	-1	7	35	
116	-1	283	-1	-1	-1	8	35	
117	-1	283	-1	-1	-1	9	35	
118	-1	341	-1	-1	-1	2	41	
119	-1	341	-1	-1	-1	3	41	
120	-1	341	-1	-1	-1	4	41	
121	-1	341	-1	-1	-1	5	41	
122	-1	341	-1	-1	-1	6	41	
123	-1	341	-1	-1	-1	7	41	
124	-1	341	-1	-1	-1	8	41	
125	-1	341	-1	-1	-1	9	41	
126	-1	395	-1	-1	-1	1	126	
127	-1	396	-1	-1	1	1	127	
128	-1	338	-1	-1	-1	2	38	
129	-1	338	-1	-1	-1	3	38	
130	-1	338	-1	-1	-1	4	38	
131	-1	338	-1	-1	-1	5	38	
132	-1	338	-1	-1	-1	6	38	
133	-1	338	-1	-1	-1	7	38	
134	-1	338	-1	-1	-1	8	38	
135	-1	338	-1	-1	-1	9	38	
136	-1	399	-1	-1	-1	1	136	
137	-1	397	-1	-1	-1	1	137	
138	-1	397	-1	-1	-1	2	137	
139	-1	397	-1	-1	-1	3	137	
140	-1	397	-1	-1	-1	4	137	
141	-1	397	-1	-1	-1	5	137	
142	-1	397	-1	-1	-1	6	137	
143	-1	397	-1	-1	-1	7	137	
144	-1	397	-1	-1	-1	8	137	
145	-1	397	-1	-1	-1	9	137	
146	-1	398	-1	-1	-1	1	146	
147	-1	398	-1	-1	-1	7	146	
148	-1	398	-1	-1	-1	2	146	
149	-1	398	-1	-1	-1	3	146	
150	-1	398	-1	-1	-1	4	146	
151	-1	398	-1	-1	-1	5	146	
152	-1	398	-1	-1	-1	6	146	
153	-1	398	-1	-1	-1	8	146	
154	-1	398	-1	-1	-1	9	146	
155	-1	400	-1	-1	-1	1	400	
156	-1	400	-1	-1	-1	2	400	
157	-1	400	-1	-1	-1	3	400	
158	-1	400	-1	-1	-1	4	400	
159	-1	400	-1	-1	-1	5	400	
160	-1	400	-1	-1	-1	6	400	
161	-1	400	-1	-1	-1	7	400	
162	-1	400	-1	-1	-1	8	400	
163	-1	400	-1	-1	-1	9	400	
164	-1	401	-1	-1	-1	1	164	
165	-1	401	-1	-1	-1	2	164	
166	-1	401	-1	-1	-1	3	164	
167	-1	401	-1	-1	-1	4	164	
168	-1	401	-1	-1	-1	5	164	
169	-1	401	-1	-1	-1	6	164	
170	-1	401	-1	-1	-1	7	164	
171	-1	401	-1	-1	-1	8	164	
172	-1	401	-1	-1	-1	9	164	
173	-1	402	-1	-1	-1	1	173	
174	-1	402	-1	-1	-1	2	173	
175	-1	402	-1	-1	-1	3	173	
176	-1	402	-1	-1	-1	4	173	
177	-1	402	-1	-1	-1	5	173	
178	-1	402	-1	-1	-1	6	173	
179	-1	402	-1	-1	-1	7	173	
180	-1	402	-1	-1	-1	8	173	
181	-1	402	-1	-1	-1	9	173	
182	-1	403	-1	-1	-1	1	182	
183	-1	403	-1	-1	-1	2	182	
184	-1	403	-1	-1	-1	3	182	
185	-1	403	-1	-1	-1	4	182	
186	-1	403	-1	-1	-1	5	182	
187	-1	403	-1	-1	-1	6	182	
188	-1	403	-1	-1	-1	7	182	
189	-1	403	-1	-1	-1	8	182	
190	-1	403	-1	-1	-1	9	182	
191	-1	404	-1	-1	-1	1	191	
192	-1	405	-1	-1	-1	1	192	
193	-1	405	-1	-1	-1	2	192	
194	-1	405	-1	-1	-1	3	192	
195	-1	405	-1	-1	-1	4	192	
196	-1	405	-1	-1	-1	5	192	
197	-1	405	-1	-1	-1	6	192	
198	-1	405	-1	-1	-1	7	192	
199	-1	405	-1	-1	-1	8	192	
200	-1	405	-1	-1	-1	9	192	
210	-1	406	-1	-1	-1	1	210	
211	-1	406	-1	-1	-1	2	210	
212	-1	406	-1	-1	-1	3	210	
213	-1	406	-1	-1	-1	4	210	
214	-1	406	-1	-1	-1	5	210	
215	-1	406	-1	-1	-1	6	210	
216	-1	406	-1	-1	-1	7	210	
217	-1	406	-1	-1	-1	8	210	
218	-1	406	-1	-1	-1	9	210	
219	-1	407	-1	-1	-1	1	219	
220	-1	407	-1	-1	-1	2	219	
221	-1	407	-1	-1	-1	3	219	
222	-1	407	-1	-1	-1	4	219	
223	-1	407	-1	-1	-1	5	219	
224	-1	407	-1	-1	-1	6	219	
225	-1	407	-1	-1	-1	7	219	
226	-1	407	-1	-1	-1	8	219	
227	-1	407	-1	-1	-1	9	219	
228	-1	408	-1	-1	-1	1	228	
229	-1	408	-1	-1	-1	2	228	
230	-1	408	-1	-1	-1	3	228	
231	-1	408	-1	-1	-1	4	228	
232	-1	408	-1	-1	-1	5	228	
233	-1	408	-1	-1	-1	6	228	
234	-1	408	-1	-1	-1	7	228	
235	-1	408	-1	-1	-1	8	228	
236	-1	408	-1	-1	-1	9	228	
237	-1	409	-1	-1	-1	1	237	
238	-1	409	-1	-1	-1	2	237	
239	-1	409	-1	-1	-1	3	237	
240	-1	409	-1	-1	-1	4	237	
241	-1	409	-1	-1	-1	5	237	
242	-1	409	-1	-1	-1	6	237	
243	-1	409	-1	-1	-1	7	237	
244	-1	409	-1	-1	-1	8	237	
245	-1	409	-1	-1	-1	9	237	
246	-1	413	-1	-1	-1	1	246	
247	-1	410	-1	-1	-1	1	247	
248	-1	410	-1	-1	-1	2	247	
249	-1	410	-1	-1	-1	3	247	
250	-1	410	-1	-1	-1	4	247	
251	-1	410	-1	-1	-1	5	247	
252	-1	410	-1	-1	-1	6	247	
253	-1	410	-1	-1	-1	7	247	
254	-1	410	-1	-1	-1	8	247	
255	-1	410	-1	-1	-1	9	247	
256	-1	414	-1	-1	-1	1	256	
257	-1	411	-1	-1	-1	1	257	
258	-1	411	-1	-1	-1	2	257	
259	-1	411	-1	-1	-1	3	257	
260	-1	411	-1	-1	-1	4	257	
261	-1	411	-1	-1	-1	5	257	
262	-1	411	-1	-1	-1	6	257	
263	-1	411	-1	-1	-1	7	257	
264	-1	411	-1	-1	-1	8	257	
265	-1	411	-1	-1	-1	9	257	
266	-1	412	-1	-1	-1	1	266	
267	-1	415	-1	-1	-1	1	267	
268	-1	416	-1	-1	-1	1	268	
269	-1	415	-1	-1	-1	2	267	
270	-1	415	-1	-1	-1	3	267	
271	-1	415	-1	-1	-1	4	267	
272	-1	415	-1	-1	-1	5	267	
273	-1	415	-1	-1	-1	6	267	
274	-1	415	-1	-1	-1	7	267	
275	-1	415	-1	-1	-1	8	267	
276	-1	415	-1	-1	-1	9	267	
277	-1	417	-1	-1	-1	1	277	
278	-1	418	-1	-1	-1	1	278	
279	-1	419	-1	-1	-1	1	279	
280	-1	420	-1	-1	-1	1	280	
281	-1	421	-1	-1	-1	1	281	
282	-1	422	-1	-1	-1	1	282	
283	-1	422	-1	-1	-1	2	282	
284	-1	422	-1	-1	-1	3	282	
285	-1	422	-1	-1	-1	4	282	
286	-1	422	-1	-1	-1	5	282	
287	-1	422	-1	-1	-1	6	282	
288	-1	422	-1	-1	-1	7	282	
289	-1	422	-1	-1	-1	8	282	
290	-1	422	-1	-1	-1	9	282	
291	-1	423	-1	-1	-1	1	291	
292	-1	423	-1	-1	-1	2	291	
293	-1	423	-1	-1	-1	3	291	
294	-1	423	-1	-1	-1	4	291	
295	-1	423	-1	-1	-1	5	291	
296	-1	423	-1	-1	-1	6	291	
297	-1	423	-1	-1	-1	7	291	
298	-1	423	-1	-1	-1	8	291	
299	-1	423	-1	-1	-1	9	291	
300	-1	424	-1	-1	-1	1	291	
301	-1	424	-1	-1	-1	2	291	
302	-1	424	-1	-1	-1	3	291	
303	-1	424	-1	-1	-1	4	291	
304	-1	424	-1	-1	-1	5	291	
305	-1	424	-1	-1	-1	6	291	
306	-1	424	-1	-1	-1	7	291	
307	-1	424	-1	-1	-1	8	291	
308	-1	424	-1	-1	-1	9	291	
309	-1	425	-1	-1	-1	1	309	
310	-1	426	-1	-1	-1	1	310	
311	-1	426	-1	-1	-1	2	310	
312	-1	426	-1	-1	-1	3	310	
313	-1	426	-1	-1	-1	4	310	
314	-1	426	-1	-1	-1	5	310	
315	-1	426	-1	-1	-1	6	310	
316	-1	426	-1	-1	-1	7	310	
317	-1	426	-1	-1	-1	8	310	
318	-1	426	-1	-1	-1	9	310	
319	-1	427	-1	-1	-1	1	319	
320	-1	428	-1	-1	-1	1	320	
321	-1	429	-1	-1	-1	1	321	
322	-1	429	-1	-1	-1	2	321	
323	-1	429	-1	-1	-1	3	321	
324	-1	429	-1	-1	-1	4	321	
325	-1	429	-1	-1	-1	5	321	
326	-1	429	-1	-1	-1	6	321	
327	-1	429	-1	-1	-1	7	321	
328	-1	429	-1	-1	-1	8	321	
329	-1	429	-1	-1	-1	9	321	
330	-1	430	-1	-1	-1	1	330	
331	-1	431	-1	-1	-1	1	331	
332	-1	432	-1	-1	-1	1	332	
333	-1	432	-1	-1	-1	2	332	
334	-1	432	-1	-1	-1	3	332	
335	-1	432	-1	-1	-1	4	332	
336	-1	432	-1	-1	-1	5	332	
337	-1	432	-1	-1	-1	6	332	
338	-1	432	-1	-1	-1	7	332	
339	-1	432	-1	-1	-1	8	332	
340	-1	432	-1	-1	-1	9	332	
341	-1	433	-1	-1	-1	1	341	
342	-1	434	-1	-1	-1	1	342	
343	-1	435	-1	-1	-1	1	343	
344	-1	436	-1	-1	-1	1	344	
345	-1	437	-1	-1	-1	1	345	
346	-1	438	-1	-1	-1	1	346	
347	-1	438	-1	-1	-1	2	346	
348	-1	438	-1	-1	-1	3	346	
349	-1	438	-1	-1	-1	4	346	
350	-1	438	-1	-1	-1	5	346	
351	-1	438	-1	-1	-1	6	346	
352	-1	438	-1	-1	-1	7	346	
353	-1	438	-1	-1	-1	8	346	
354	-1	438	-1	-1	-1	9	346	
355	-1	439	-1	-1	-1	1	355	
356	-1	440	-1	-1	-1	1	356	
357	-1	441	-1	-1	-1	1	357	
358	-1	442	-1	-1	-1	1	358	
359	-1	443	-1	-1	-1	1	359	
360	-1	444	-1	-1	-1	1	360	
361	-1	445	-1	-1	-1	1	361	
362	-1	446	-1	-1	-1	1	362	
363	-1	447	-1	-1	-1	1	363	
364	-1	448	-1	-1	-1	1	364	
365	-1	448	-1	-1	-1	2	364	
366	-1	448	-1	-1	-1	3	364	
367	-1	448	-1	-1	-1	4	364	
368	-1	448	-1	-1	-1	5	364	
369	-1	448	-1	-1	-1	6	364	
370	-1	448	-1	-1	-1	7	364	
371	-1	448	-1	-1	-1	8	364	
372	-1	448	-1	-1	-1	9	364	
373	-1	449	-1	-1	-1	1	373	
374	-1	449	-1	-1	-1	2	373	
375	-1	449	-1	-1	-1	3	373	
376	-1	449	-1	-1	-1	4	373	
377	-1	449	-1	-1	-1	5	373	
378	-1	449	-1	-1	-1	6	373	
379	-1	449	-1	-1	-1	7	373	
380	-1	449	-1	-1	-1	8	373	
381	-1	449	-1	-1	-1	9	373	
382	-1	449	-1	-1	-1	10	373	
383	-1	450	-1	-1	-1	1	383	
384	-1	451	-1	-1	-1	1	384	
385	-1	451	-1	-1	-1	2	384	
386	-1	451	-1	-1	-1	3	384	
387	-1	451	-1	-1	-1	4	384	
388	-1	451	-1	-1	-1	5	384	
389	-1	451	-1	-1	-1	6	384	
390	-1	451	-1	-1	-1	7	384	
391	-1	451	-1	-1	-1	8	384	
392	-1	451	-1	-1	-1	9	384	
393	-1	452	-1	-1	-1	1	393	
394	-1	453	-1	-1	-1	1	394	
395	-1	454	-1	-1	-1	1	395	
396	-1	455	-1	-1	-1	1	396	
397	-1	455	-1	-1	-1	2	396	
398	-1	455	-1	-1	-1	3	396	
399	-1	455	-1	-1	-1	4	396	
400	-1	455	-1	-1	-1	5	396	
401	-1	455	-1	-1	-1	6	396	
402	-1	455	-1	-1	-1	7	396	
403	-1	455	-1	-1	-1	8	396	
404	-1	455	-1	-1	-1	9	396	
405	-1	456	-1	-1	-1	1	405	
406	-1	457	-1	-1	-1	1	406	
407	-1	458	-1	-1	-1	1	407	
408	-1	459	-1	-1	-1	1	408	
409	-1	460	-1	-1	-1	1	409	
410	-1	461	-1	-1	-1	1	410	
411	-1	462	-1	-1	-1	1	411	
412	-1	463	-1	-1	-1	1	412	
413	-1	463	-1	-1	-1	2	412	
414	-1	463	-1	-1	-1	3	412	
415	-1	463	-1	-1	-1	4	412	
416	-1	463	-1	-1	-1	5	412	
417	-1	463	-1	-1	-1	6	412	
418	-1	463	-1	-1	-1	7	412	
419	-1	463	-1	-1	-1	8	412	
420	-1	463	-1	-1	-1	9	412	
421	-1	464	-1	-1	-1	1	421	
422	-1	464	-1	-1	-1	2	421	
423	-1	464	-1	-1	-1	3	421	
424	-1	464	-1	-1	-1	4	421	
425	-1	464	-1	-1	-1	5	421	
426	-1	464	-1	-1	-1	6	421	
427	-1	464	-1	-1	-1	7	421	
428	-1	464	-1	-1	-1	8	421	
429	-1	464	-1	-1	-1	9	421	
430	-1	465	-1	-1	-1	1	430	
431	-1	466	-1	-1	-1	1	431	
432	-1	467	-1	-1	-1	1	432	
433	-1	466	-1	-1	-1	2	431	
434	-1	466	-1	-1	-1	3	431	
435	-1	466	-1	-1	-1	4	431	
436	-1	466	-1	-1	-1	5	431	
437	-1	466	-1	-1	-1	6	431	
438	-1	466	-1	-1	-1	7	431	
439	-1	466	-1	-1	-1	8	431	
440	-1	466	-1	-1	-1	9	431	
441	-1	468	-1	-1	-1	1	441	
442	-1	469	-1	-1	-1	1	442	
443	-1	470	-1	-1	-1	1	443	
444	-1	471	-1	-1	-1	1	444	
445	-1	472	-1	-1	-1	1	445	
446	-1	473	-1	-1	-1	1	446	
447	-1	474	-1	-1	-1	1	447	
448	-1	475	-1	-1	-1	1	448	
449	-1	475	-1	-1	-1	2	448	
450	-1	475	-1	-1	-1	3	448	
451	-1	475	-1	-1	-1	4	448	
452	-1	475	-1	-1	-1	5	448	
453	-1	475	-1	-1	-1	6	448	
454	-1	475	-1	-1	-1	7	448	
455	-1	475	-1	-1	-1	8	448	
456	-1	475	-1	-1	-1	9	448	
457	-1	476	-1	-1	-1	1	457	
458	-1	476	-1	-1	-1	2	457	
459	-1	476	-1	-1	-1	3	457	
460	-1	476	-1	-1	-1	4	457	
461	-1	476	-1	-1	-1	5	457	
462	-1	476	-1	-1	-1	6	457	
463	-1	476	-1	-1	-1	7	457	
464	-1	476	-1	-1	-1	8	457	
465	-1	476	-1	-1	-1	9	457	
466	-1	477	-1	-1	-1	1	466	
467	-1	478	-1	-1	-1	1	467	
468	-1	473	-1	-1	-1	2	446	
469	-1	473	-1	-1	-1	3	446	
470	-1	473	-1	-1	-1	4	446	
471	-1	473	-1	-1	-1	5	446	
472	-1	473	-1	-1	-1	6	446	
473	-1	473	-1	-1	-1	7	446	
474	-1	473	-1	-1	-1	8	446	
475	-1	473	-1	-1	-1	9	446	
476	-1	479	-1	-1	-1	1	476	
477	-1	480	-1	-1	-1	1	477	
478	-1	481	-1	-1	-1	1	478	
479	-1	482	-1	-1	-1	1	479	
480	-1	483	-1	-1	-1	1	480	
481	-1	484	-1	-1	-1	1	481	
482	-1	486	-1	-1	-1	1	482	
483	-1	487	-1	-1	-1	1	483	
484	-1	488	-1	-1	-1	1	484	
485	-1	489	-1	-1	-1	1	485	
486	-1	489	-1	-1	-1	2	485	
487	-1	489	-1	-1	-1	3	485	
488	-1	489	-1	-1	-1	4	485	
489	-1	489	-1	-1	-1	5	485	
490	-1	489	-1	-1	-1	6	485	
491	-1	489	-1	-1	-1	7	485	
492	-1	489	-1	-1	-1	8	485	
493	-1	489	-1	-1	-1	9	485	
494	-1	490	-1	-1	-1	1	494	
495	-1	491	-1	-1	-1	1	495	
496	-1	492	-1	-1	-1	1	496	
497	-1	492	-1	-1	-1	2	496	
498	-1	492	-1	-1	-1	3	496	
499	-1	492	-1	-1	-1	4	496	
500	-1	492	-1	-1	-1	5	496	
501	-1	492	-1	-1	-1	6	496	
502	-1	492	-1	-1	-1	7	496	
503	-1	492	-1	-1	-1	8	496	
504	-1	492	-1	-1	-1	9	496	
505	-1	493	-1	-1	-1	1	505	
506	-1	494	-1	-1	-1	1	506	
507	-1	494	-1	-1	-1	2	506	
508	-1	494	-1	-1	-1	3	506	
509	-1	494	-1	-1	-1	4	506	
510	-1	494	-1	-1	-1	5	506	
511	-1	494	-1	-1	-1	6	506	
512	-1	494	-1	-1	-1	7	506	
513	-1	494	-1	-1	-1	8	506	
514	-1	494	-1	-1	-1	9	506	
515	-1	495	-1	-1	-1	1	515	
516	-1	495	-1	-1	-1	2	515	
517	-1	495	-1	-1	-1	3	515	
518	-1	495	-1	-1	-1	4	515	
519	-1	495	-1	-1	-1	5	515	
520	-1	495	-1	-1	-1	6	515	
521	-1	495	-1	-1	-1	7	515	
522	-1	495	-1	-1	-1	8	515	
523	-1	495	-1	-1	-1	9	515	
524	-1	496	-1	-1	-1	1	524	
525	-1	497	-1	-1	-1	1	525	
526	-1	498	-1	-1	-1	1	526	
527	-1	499	-1	-1	-1	1	527	
528	-1	499	-1	-1	-1	2	527	
529	-1	499	-1	-1	-1	3	527	
530	-1	499	-1	-1	-1	4	527	
531	-1	499	-1	-1	-1	5	527	
532	-1	499	-1	-1	-1	6	527	
533	-1	499	-1	-1	-1	7	527	
534	-1	499	-1	-1	-1	8	527	
535	-1	499	-1	-1	-1	9	527	
536	-1	500	-1	-1	-1	1	536	
537	-1	500	-1	-1	-1	2	536	
538	-1	500	-1	-1	-1	3	536	
539	-1	500	-1	-1	-1	4	536	
540	-1	500	-1	-1	-1	5	536	
541	-1	500	-1	-1	-1	6	536	
542	-1	500	-1	-1	-1	7	536	
543	-1	500	-1	-1	-1	8	536	
544	-1	500	-1	-1	-1	9	536	
545	-1	501	-1	-1	-1	1	545	
546	-1	502	-1	-1	-1	1	546	
547	-1	503	-1	-1	-1	1	547	
548	-1	504	-1	-1	-1	1	548	
549	-1	505	-1	-1	-1	1	549	
550	-1	506	-1	-1	-1	1	550	
551	-1	507	-1	-1	-1	1	551	
552	-1	507	-1	-1	-1	2	551	
553	-1	507	-1	-1	-1	3	551	
554	-1	507	-1	-1	-1	4	551	
555	-1	507	-1	-1	-1	5	551	
556	-1	507	-1	-1	-1	6	551	
557	-1	507	-1	-1	-1	7	551	
558	-1	507	-1	-1	-1	8	551	
559	-1	507	-1	-1	-1	9	551	
560	-1	508	-1	-1	-1	1	560	
561	-1	509	-1	-1	-1	1	561	
562	-1	510	-1	-1	-1	1	562	
563	-1	511	-1	-1	-1	1	563	
564	-1	512	-1	-1	-1	1	564	
565	-1	512	-1	-1	-1	2	564	
566	-1	512	-1	-1	-1	3	564	
567	-1	512	-1	-1	-1	4	564	
568	-1	512	-1	-1	-1	5	564	
569	-1	512	-1	-1	-1	6	564	
570	-1	512	-1	-1	-1	7	564	
571	-1	512	-1	-1	-1	8	564	
572	-1	512	-1	-1	-1	9	564	
573	-1	513	-1	-1	-1	1	573	
574	-1	513	-1	-1	-1	2	573	
575	-1	513	-1	-1	-1	3	573	
576	-1	513	-1	-1	-1	4	573	
577	-1	513	-1	-1	-1	5	573	
578	-1	513	-1	-1	-1	6	573	
579	-1	513	-1	-1	-1	7	573	
580	-1	513	-1	-1	-1	8	573	
581	-1	513	-1	-1	-1	9	573	
582	-1	514	-1	-1	-1	1	582	
583	-1	515	-1	-1	-1	1	583	
585	-1	517	-1	-1	-1	1	585	
586	-1	517	-1	-1	-1	2	585	
587	-1	517	-1	-1	-1	3	585	
588	-1	517	-1	-1	-1	4	585	
589	-1	517	-1	-1	-1	5	585	
590	-1	517	-1	-1	-1	6	585	
591	-1	517	-1	-1	-1	7	585	
592	-1	517	-1	-1	-1	8	585	
593	-1	517	-1	-1	-1	9	585	
594	-1	518	-1	-1	-1	1	594	
595	-1	519	-1	-1	-1	1	595	
596	-1	519	-1	-1	-1	2	595	
597	-1	519	-1	-1	-1	3	595	
598	-1	519	-1	-1	-1	4	595	
599	-1	519	-1	-1	-1	5	595	
600	-1	519	-1	-1	-1	6	595	
601	-1	519	-1	-1	-1	7	595	
602	-1	519	-1	-1	-1	8	595	
603	-1	519	-1	-1	-1	9	595	
604	-1	520	-1	-1	-1	1	604	
605	-1	521	-1	-1	-1	1	605	
606	-1	522	-1	-1	-1	1	605	
607	-1	523	-1	-1	-1	1	607	
608	-1	524	-1	-1	-1	1	608	
609	-1	525	-1	-1	-1	1	609	
610	-1	525	-1	-1	-1	2	609	
611	-1	525	-1	-1	-1	3	609	
612	-1	525	-1	-1	-1	4	609	
613	-1	525	-1	-1	-1	5	609	
614	-1	525	-1	-1	-1	6	609	
615	-1	525	-1	-1	-1	7	609	
616	-1	525	-1	-1	-1	8	609	
617	-1	525	-1	-1	-1	9	609	
618	-1	526	-1	-1	-1	1	618	
619	-1	526	-1	-1	-1	2	618	
620	-1	526	-1	-1	-1	3	618	
621	-1	526	-1	-1	-1	4	618	
622	-1	526	-1	-1	-1	5	618	
623	-1	526	-1	-1	-1	6	618	
624	-1	526	-1	-1	-1	7	618	
625	-1	526	-1	-1	-1	8	618	
626	-1	526	-1	-1	-1	9	618	
627	-1	527	-1	-1	-1	1	627	
628	-1	527	-1	-1	-1	2	627	
629	-1	527	-1	-1	-1	3	627	
630	-1	527	-1	-1	-1	4	627	
631	-1	527	-1	-1	-1	5	627	
632	-1	527	-1	-1	-1	6	627	
633	-1	527	-1	-1	-1	7	627	
634	-1	527	-1	-1	-1	8	627	
635	-1	527	-1	-1	-1	9	627	
636	-1	528	-1	-1	-1	1	627	
637	-1	529	-1	-1	-1	1	637	
638	-1	530	-1	-1	-1	1	638	
639	-1	531	-1	-1	-1	1	639	
640	-1	532	-1	-1	-1	1	640	
641	-1	533	-1	-1	-1	1	641	
642	-1	534	-1	-1	-1	1	642	
643	-1	535	-1	-1	-1	1	643	
644	-1	536	-1	-1	-1	1	644	
645	-1	537	-1	-1	-1	1	645	
646	-1	537	-1	-1	-1	2	645	
647	-1	537	-1	-1	-1	3	645	
648	-1	537	-1	-1	-1	4	645	
649	-1	537	-1	-1	-1	5	645	
650	-1	537	-1	-1	-1	6	645	
651	-1	537	-1	-1	-1	7	645	
652	-1	537	-1	-1	-1	8	645	
653	-1	537	-1	-1	-1	9	645	
654	-1	538	-1	-1	-1	1	654	
655	-1	538	-1	-1	-1	2	654	
656	-1	538	-1	-1	-1	3	654	
657	-1	538	-1	-1	-1	4	654	
658	-1	538	-1	-1	-1	5	654	
659	-1	538	-1	-1	-1	6	654	
660	-1	538	-1	-1	-1	7	654	
661	-1	538	-1	-1	-1	8	654	
662	-1	538	-1	-1	-1	9	654	
663	-1	539	-1	-1	-1	1	663	
664	-1	540	-1	-1	-1	1	664	
665	-1	541	-1	-1	-1	1	665	
								
							
1184	-1	1464	-1	-1	-1	1	1184	
1318	-1	1497	-1	-1	-1	1	1318	
1330	-1	1501	-1	-1	-1	1	1330	
1349	-1	1512	-1	-1	-1	1	1349	
1376	-1	1515	-1	-1	-1	1	1376	
1387	-1	1518	-1	-1	-1	1	1387	
1388	-1	1515	-1	-1	-1	2	1376	
1389	-1	1515	-1	-1	-1	3	1376	
1390	-1	1515	-1	-1	-1	4	1376	
1391	-1	1515	-1	-1	-1	5	1376	
1392	-1	1515	-1	-1	-1	6	1376	
1393	-1	1515	-1	-1	-1	7	1376	
1394	-1	1515	-1	-1	-1	8	1376	
1395	-1	1515	-1	-1	-1	9	1376	
1396	-1	1519	-1	-1	-1	1	1396	
1398	-1	1521	-1	-1	-1	1	1398	
1399	-1	1522	-1	-1	-1	1	1399	
1409	-1	1524	-1	-1	-1	1	1409	
1419	-1	1524	-1	-1	-1	2	1409	
1420	-1	1524	-1	-1	-1	3	1409	
1421	-1	1524	-1	-1	-1	4	1409	
1422	-1	1524	-1	-1	-1	5	1409	
1423	-1	1524	-1	-1	-1	6	1409	
1424	-1	1524	-1	-1	-1	7	1409	
1425	-1	1524	-1	-1	-1	8	1409	
1426	-1	1524	-1	-1	-1	9	1409	
1438	-1	1528	-1	-1	-1	1	1438	
1439	-1	1529	-1	-1	-1	1	1439	
1444	-1	1528	-1	-1	-1	2	1438	
1445	-1	1528	-1	-1	-1	3	1438	
1446	-1	1528	-1	-1	-1	4	1438	
1447	-1	1528	-1	-1	-1	5	1438	
1448	-1	1528	-1	-1	-1	6	1438	
1449	-1	1528	-1	-1	-1	7	1438	
1450	-1	1528	-1	-1	-1	8	1438	
1451	-1	1528	-1	-1	-1	9	1438	
1482	-1	1540	-1	-1	-1	1	1482	
1505	-1	1547	-1	-1	-1	1	1505	
1506	-1	1548	-1	-1	-1	1	1506	
1522	-1	1555	-1	-1	-1	9	1513	
1524	-1	1558	-1	-1	-1	1	1524	
1527	-1	1558	-1	-1	-1	2	1524	
1528	-1	1558	-1	-1	-1	3	1524	
1529	-1	1558	-1	-1	-1	4	1524	
1530	-1	1558	-1	-1	-1	5	1524	
1531	-1	1558	-1	-1	-1	6	1524	
1532	-1	1558	-1	-1	-1	7	1524	
1533	-1	1558	-1	-1	-1	8	1524	
1534	-1	1558	-1	-1	-1	9	1524	
1535	-1	1561	-1	-1	-1	1	1535	
1538	-1	1564	-1	-1	-1	1	1538	
1539	-1	1565	-1	-1	-1	1	1539	
1540	-1	1566	-1	-1	-1	1	1540	
1541	-1	1567	-1	-1	-1	1	1541	
1542	-1	1568	-1	-1	-1	1	1542	
1543	-1	1569	-1	-1	-1	1	1543	
1544	-1	1570	-1	-1	-1	1	1544	
1545	-1	1571	-1	-1	-1	1	1545	
1546	-1	1572	-1	-1	-1	1	1546	
1547	-1	1573	-1	-1	-1	1	1547	
1548	-1	1574	-1	-1	-1	1	1548	
1549	-1	1575	-1	-1	-1	1	1549	
1550	-1	1576	-1	-1	-1	1	1550	
1551	-1	1561	-1	-1	-1	2	1535	
1552	-1	1561	-1	-1	-1	3	1535	
1553	-1	1561	-1	-1	-1	4	1535	
1554	-1	1561	-1	-1	-1	5	1535	
1555	-1	1561	-1	-1	-1	6	1535	
1556	-1	1561	-1	-1	-1	7	1535	
1557	-1	1561	-1	-1	-1	8	1535	
1558	-1	1561	-1	-1	-1	9	1535	
1559	-1	1577	-1	-1	-1	1	1559	
1560	-1	1577	-1	-1	-1	2	1559	
1561	-1	1577	-1	-1	-1	3	1559	
1562	-1	1577	-1	-1	-1	4	1559	
1563	-1	1577	-1	-1	-1	5	1559	
1564	-1	1577	-1	-1	-1	6	1559	
1565	-1	1577	-1	-1	-1	7	1559	
1566	-1	1577	-1	-1	-1	8	1559	
1567	-1	1577	-1	-1	-1	9	1559	
1568	-1	1578	-1	-1	-1	1	1568	
1569	-1	1579	-1	-1	-1	1	1569	
1570	-1	1580	-1	-1	-1	1	1570	
1571	-1	1581	-1	-1	-1	1	1571	
1572	-1	1582	-1	-1	-1	1	1572	
1575	-1	1585	-1	-1	-1	1	1575	
1576	-1	1581	-1	-1	-1	2	1571	
1577	-1	1581	-1	-1	-1	3	1571	
1578	-1	1581	-1	-1	-1	4	1571	
1579	-1	1581	-1	-1	-1	5	1571	
1580	-1	1581	-1	-1	-1	6	1571	
1581	-1	1581	-1	-1	-1	7	1571	
1582	-1	1581	-1	-1	-1	8	1571	
1583	-1	1581	-1	-1	-1	9	1571	
1584	-1	1586	-1	-1	-1	1	1584	
1585	-1	1587	-1	-1	-1	1	1585	
1586	-1	1588	-1	-1	-1	1	1586	
1587	-1	1589	-1	-1	-1	1	1587	
1588	-1	1590	-1	-1	-1	1	1588	
1589	-1	1591	-1	-1	-1	1	1589	
1590	-1	1589	-1	-1	-1	2	1587	
1591	-1	1589	-1	-1	-1	3	1587	
1592	-1	1589	-1	-1	-1	4	1587	
1593	-1	1589	-1	-1	-1	5	1587	
1594	-1	1589	-1	-1	-1	6	1587	
1595	-1	1589	-1	-1	-1	7	1587	
1596	-1	1589	-1	-1	-1	8	1587	
1597	-1	1589	-1	-1	-1	9	1587	
1598	-1	1592	-1	-1	-1	1	1598	
1599	-1	1593	-1	-1	-1	1	1599	
1600	-1	1594	-1	-1	-1	1	1600	
1601	-1	1592	-1	-1	-1	2	1598	
1602	-1	1592	-1	-1	-1	3	1598	
1603	-1	1592	-1	-1	-1	4	1598	
1604	-1	1592	-1	-1	-1	5	1598	
1605	-1	1592	-1	-1	-1	6	1598	
1606	-1	1592	-1	-1	-1	7	1598	
1607	-1	1592	-1	-1	-1	8	1598	
1608	-1	1592	-1	-1	-1	9	1598	
1609	-1	1593	-1	-1	-1	2	1599	
1610	-1	1593	-1	-1	-1	3	1599	
1611	-1	1593	-1	-1	-1	4	1599	
1612	-1	1593	-1	-1	-1	5	1599	
1613	-1	1593	-1	-1	-1	6	1599	
1614	-1	1593	-1	-1	-1	7	1599	
1615	-1	1593	-1	-1	-1	8	1599	
1616	-1	1593	-1	-1	-1	9	1599	
1617	-1	1595	-1	-1	-1	1	1617	
1618	-1	1596	-1	-1	-1	1	1618	
1619	-1	1597	-1	-1	-1	1	1619	
1621	-1	1599	-1	-1	-1	1	1621	
1622	-1	1594	-1	-1	-1	2	1600	
1623	-1	1594	-1	-1	-1	3	1600	
1624	-1	1594	-1	-1	-1	4	1600	
1625	-1	1594	-1	-1	-1	5	1600	
1626	-1	1594	-1	-1	-1	6	1600	
1627	-1	1594	-1	-1	-1	7	1600	
1628	-1	1594	-1	-1	-1	8	1600	
1629	-1	1594	-1	-1	-1	9	1600	
1631	-1	1601	-1	-1	-1	1	1631	
1633	-1	1603	-1	-1	-1	1	1633	
1634	-1	1604	-1	-1	-1	1	1634	
1635	-1	1599	-1	-1	-1	2	1621	
1636	-1	1599	-1	-1	-1	3	1621	
1637	-1	1599	-1	-1	-1	4	1621	
1638	-1	1599	-1	-1	-1	5	1621	
1639	-1	1599	-1	-1	-1	6	1621	
1640	-1	1599	-1	-1	-1	7	1621	
1641	-1	1599	-1	-1	-1	8	1621	
1642	-1	1599	-1	-1	-1	9	1621	
1643	-1	1605	-1	-1	-1	1	1643	
1644	-1	1606	-1	-1	-1	1	1644	
1655	-1	1617	-1	-1	-1	1	1655	
1659	-1	1621	-1	-1	-1	1	1659	
1660	-1	1604	-1	-1	-1	2	1634	
1661	-1	1604	-1	-1	-1	3	1634	
1662	-1	1604	-1	-1	-1	4	1634	
1663	-1	1604	-1	-1	-1	5	1634	
1664	-1	1604	-1	-1	-1	6	1634	
1665	-1	1604	-1	-1	-1	7	1634	
1666	-1	1604	-1	-1	-1	8	1634	
1667	-1	1604	-1	-1	-1	9	1634	
1670	-1	1624	-1	-1	-1	1	1670	
1671	-1	1625	-1	-1	-1	1	1671	
1672	-1	1626	-1	-1	-1	1	1672	
1673	-1	1621	-1	-1	-1	2	1659	
1674	-1	1621	-1	-1	-1	3	1659	
1675	-1	1621	-1	-1	-1	4	1659	
1676	-1	1621	-1	-1	-1	5	1659	
1677	-1	1621	-1	-1	-1	6	1659	
1678	-1	1621	-1	-1	-1	7	1659	
1679	-1	1621	-1	-1	-1	8	1659	
1680	-1	1621	-1	-1	-1	9	1659	
1681	-1	1627	-1	-1	-1	1	1681	
1682	-1	1628	-1	-1	-1	1	1682	
1683	-1	1628	-1	-1	-1	2	1682	
1684	-1	1628	-1	-1	-1	3	1682	
1685	-1	1628	-1	-1	-1	4	1682	
1686	-1	1628	-1	-1	-1	5	1682	
1687	-1	1628	-1	-1	-1	6	1682	
1688	-1	1628	-1	-1	-1	7	1682	
1689	-1	1628	-1	-1	-1	8	1682	
1690	-1	1628	-1	-1	-1	9	1682	
1691	-1	1629	-1	-1	-1	1	1691	
1692	-1	1630	-1	-1	-1	1	1692	
1693	-1	1631	-1	-1	-1	1	1693	
1694	-1	1625	-1	-1	-1	2	1671	
1695	-1	1625	-1	-1	-1	3	1671	
1696	-1	1625	-1	-1	-1	4	1671	
1697	-1	1625	-1	-1	-1	5	1671	
1698	-1	1625	-1	-1	-1	6	1671	
1699	-1	1625	-1	-1	-1	7	1671	
1700	-1	1625	-1	-1	-1	8	1671	
1701	-1	1625	-1	-1	-1	9	1671	
1705	-1	1635	-1	-1	-1	1	1705	
1706	-1	1636	-1	-1	-1	1	1706	
1707	-1	1637	-1	-1	-1	1	1707	
1708	-1	1588	-1	-1	-1	2	1586	
1709	-1	1588	-1	-1	-1	3	1586	
1710	-1	1588	-1	-1	-1	4	1586	
1711	-1	1588	-1	-1	-1	5	1586	
1712	-1	1588	-1	-1	-1	6	1586	
1713	-1	1588	-1	-1	-1	7	1586	
1714	-1	1588	-1	-1	-1	8	1586	
1715	-1	1588	-1	-1	-1	9	1586	
1716	-1	1638	-1	-1	-1	1	1716	
1717	-1	1597	-1	-1	-1	2	1619	
1718	-1	1597	-1	-1	-1	3	1619	
1719	-1	1597	-1	-1	-1	4	1619	
1720	-1	1597	-1	-1	-1	5	1619	
1721	-1	1597	-1	-1	-1	6	1619	
1722	-1	1597	-1	-1	-1	7	1619	
1723	-1	1597	-1	-1	-1	8	1619	
1724	-1	1597	-1	-1	-1	9	1619	
1725	-1	1639	-1	-1	-1	1	1725	
1726	-1	1640	-1	-1	-1	1	1726	
1727	-1	1641	-1	-1	-1	1	1727	
1728	-1	1642	-1	-1	-1	1	1728	
1729	-1	1643	-1	-1	-1	1	1729	
1730	-1	1642	-1	-1	-1	2	1728	
1731	-1	1642	-1	-1	-1	3	1728	
1732	-1	1642	-1	-1	-1	4	1728	
1733	-1	1642	-1	-1	-1	5	1728	
1734	-1	1642	-1	-1	-1	6	1728	
1735	-1	1642	-1	-1	-1	7	1728	
1736	-1	1642	-1	-1	-1	8	1728	
1737	-1	1642	-1	-1	-1	9	1728	
1738	-1	1631	-1	-1	-1	2	1693	
1739	-1	1631	-1	-1	-1	3	1693	
1740	-1	1631	-1	-1	-1	4	1693	
1741	-1	1631	-1	-1	-1	5	1693	
1742	-1	1631	-1	-1	-1	6	1693	
1743	-1	1631	-1	-1	-1	7	1693	
1744	-1	1631	-1	-1	-1	8	1693	
1745	-1	1631	-1	-1	-1	9	1693	
1746	-1	1644	-1	-1	-1	1	1746	
1747	-1	1644	-1	-1	-1	2	1746	
1748	-1	1644	-1	-1	-1	3	1746	
1749	-1	1644	-1	-1	-1	4	1746	
1750	-1	1644	-1	-1	-1	5	1746	
1751	-1	1644	-1	-1	-1	6	1746	
1752	-1	1644	-1	-1	-1	7	1746	
1753	-1	1644	-1	-1	-1	8	1746	
1754	-1	1644	-1	-1	-1	9	1746	
1761	-1	1651	-1	-1	-1	1	1761	
1767	-1	1657	-1	-1	-1	1	1767	
1768	-1	1639	-1	-1	-1	2	1725	
1769	-1	1639	-1	-1	-1	3	1725	
1770	-1	1639	-1	-1	-1	4	1725	
1771	-1	1639	-1	-1	-1	5	1725	
1772	-1	1639	-1	-1	-1	6	1725	
1773	-1	1639	-1	-1	-1	7	1725	
1774	-1	1639	-1	-1	-1	8	1725	
1775	-1	1639	-1	-1	-1	9	1725	
1776	-1	1658	-1	-1	-1	1	1776	
1779	-1	1661	-1	-1	-1	1	1779	
1780	-1	1657	-1	-1	-1	2	1767	
1781	-1	1657	-1	-1	-1	3	1767	
1782	-1	1657	-1	-1	-1	4	1767	
1783	-1	1657	-1	-1	-1	5	1767	
1784	-1	1657	-1	-1	-1	6	1767	
1785	-1	1657	-1	-1	-1	7	1767	
1786	-1	1657	-1	-1	-1	8	1767	
1787	-1	1657	-1	-1	-1	9	1767	
1788	-1	1662	-1	-1	-1	1	1788	
1790	-1	1664	-1	-1	-1	1	1790	
1799	-1	1665	-1	-1	-1	1	1799	
1801	-1	1667	-1	-1	-1	1	1801	
1807	-1	1661	-1	-1	-1	2	1779	
1808	-1	1661	-1	-1	-1	3	1779	
1809	-1	1661	-1	-1	-1	4	1779	
1810	-1	1661	-1	-1	-1	5	1779	
1811	-1	1661	-1	-1	-1	6	1779	
1812	-1	1661	-1	-1	-1	7	1779	
1813	-1	1661	-1	-1	-1	8	1779	
1814	-1	1661	-1	-1	-1	9	1779	
1815	-1	1673	-1	-1	-1	1	1815	
1817	-1	1675	-1	-1	-1	1	1817	
1820	-1	1678	-1	-1	-1	1	1820	
1823	-1	1681	-1	-1	-1	1	1823	
1826	-1	1684	-1	-1	-1	1	1826	
1828	-1	1686	-1	-1	-1	1	1828	
1829	-1	1687	-1	-1	-1	1	1829	
1830	-1	1688	-1	-1	-1	1	1830	
1839	-1	1689	-1	-1	-1	1	1839	
1857	-1	1707	-1	-1	-1	1	1857	
1858	-1	1708	-1	-1	-1	1	1858	
1859	-1	1681	-1	-1	-1	2	1823	
1860	-1	1681	-1	-1	-1	3	1823	
1861	-1	1681	-1	-1	-1	4	1823	
1862	-1	1681	-1	-1	-1	5	1823	
1863	-1	1681	-1	-1	-1	6	1823	
1864	-1	1681	-1	-1	-1	7	1823	
1865	-1	1681	-1	-1	-1	8	1823	
1866	-1	1681	-1	-1	-1	9	1823	
1867	-1	1709	-1	-1	-1	1	1867	
1869	-1	1709	-1	-1	-1	2	1867	
1870	-1	1709	-1	-1	-1	3	1867	
1871	-1	1709	-1	-1	-1	4	1867	
1872	-1	1709	-1	-1	-1	5	1867	
1873	-1	1709	-1	-1	-1	6	1867	
1874	-1	1709	-1	-1	-1	7	1867	
1875	-1	1709	-1	-1	-1	8	1867	
1876	-1	1709	-1	-1	-1	9	1867	
1877	-1	1711	-1	-1	-1	1	1877	
1880	-1	1714	-1	-1	-1	1	1880	
1881	-1	1715	-1	-1	-1	1	1881	
1882	-1	1716	-1	-1	-1	1	1882	
1899	-1	1725	-1	-1	-1	1	1899	
1902	-1	1728	-1	-1	-1	1	1902	
1903	-1	1729	-1	-1	-1	1	1903	
1927	-1	1737	-1	-1	-1	1	1927	
1928	-1	1738	-1	-1	-1	1	1928	
1929	-1	1739	-1	-1	-1	1	1929	
1945	-1	1747	-1	-1	-1	1	1945	
1948	-1	1750	-1	-1	-1	1	1948	
1960	-1	1754	-1	-1	-1	1	1960	
1961	-1	1755	-1	-1	-1	1	1961	
1976	-1	1762	-1	-1	-1	1	1976	
1991	-1	1769	-1	-1	-1	1	1991	
1992	-1	1770	-1	-1	-1	1	1992	
1993	-1	1771	-1	-1	-1	1	1993	
1995	-1	1773	-1	-1	-1	1	1995	
2012	-1	1782	-1	-1	-1	1	2012	
2015	-1	1785	-1	-1	-1	1	2015	
2017	-1	1787	-1	-1	-1	1	2017	
2027	-1	1789	-1	-1	-1	1	2027	
