INT	STRING	STRING	STRING	INT	INT	INT	INT	INT	INT	INT	INT	INT
ExteriorId	Name	Icon	Desc	预留	Quality	MaxLevel	BaseEquipID	BaseEquipID	Visual1	Visual2	Visual3	Visual4
1	九皋鹤骨剑	DecorateWeapon1_6	#W鹤骨擎丹壁，一剑惊九皋。	2	2	3	2	10102000	814	815	816	-1
2	玄日鹤翎枪	DecorateWeapon1_7	#W丹顶宜承日，霜翎不染泥。	2	2	3	1	10101000	817	818	819	-1
3	介阳鹤翼刀	DecorateWeapon1_1	#W阳翼开羲和，刀晖承朝光。	2	2	3	2	10102000	799	800	801	-1
4	赤阴鹤翼刀	DecorateWeapon1_2	#W阴翼蔽月宫，刀芒掠桂枝。	2	2	3	0	10100000	802	803	804	-1
5	轩郎鹤冠扇	DecorateWeapon1_3	#W卫懿公好鹤，鹤有共乘轩。	2	2	3	4	10104000	805	806	807	-1
6	丹歌鹤喙匕	DecorateWeapon1_4	#W丹歌时引舞，来去不留痕。	2	2	3	3	10103000	808	809	810	-1
7	仙骥鹤爪环	DecorateWeapon1_5	#W万里之仙骥，羾关而天翔。	2	2	3	5	10105000	811	812	813	-1
8	紫霄霜星剑	DecorateWeapon1_15	#W长夜霜雪点点青，一剑银河万丈星。	2	2	3	2	10102000	942	943	944	-1
9	拂花枝	DecorateWeapon1_16	#W拂花弄琴坐青苔，绿萝树下春风来。	0	0	1	2	10102000	945	-1	-1	-1
10	手捧幽香	DecorateWeapon2_1	#W幽色生香，年华几度。	3	3	3	2	10102000	949	950	951	-1
11	轻绒影	DecorateWeapon2_2	#W何人信步闲庭中？试对倩影问芳名，只闻几许喵喵声。	0	0	1	2	10102000	953	-1	-1	-1
12	天索映月琴	DecorateWeapon2_3	#W天索倾瓶盆，威怒凌乾坤。	4	2	3	6	10106000	955	956	957	-1
13	紫金揽月扇	DecorateWeapon2_8	#W雨过江海碧，电掣紫金蛇。	4	2	3	4	10104000	1235	1236	1237	-1
14	喧灵落月剑	DecorateWeapon2_6	#W颦鼓喧雷电，戈剑凛风霜。	4	2	3	2	10102000	1232	1233	1234	-1
15	银光掩月刀	DecorateWeapon2_4	#W劈开银月光，振起雷霆音。	4	2	3	2	10102000	1226	1227	1228	-1
16	霆霓照月斧	DecorateWeapon2_5	#W霆霓走檐楹，阴阳竞磅礴	4	2	3	0	10100000	1229	1230	1231	-1
17	天闪望月匕	DecorateWeapon2_9	#W雷霆鞭蛰户，风雨撼林麓。	4	2	3	3	10103000	1238	1239	1240	-1
18	雷云闭月环	DecorateWeapon2_10	#W山前好云气，早已动雷霆。	4	2	3	5	10105000	1241	1242	1243	-1
19	雳声凌月枪	DecorateWeapon2_7	#W众耳雷霆震，群观日月新。	4	2	3	1	10101000	1244	1245	1246	-1
20	虾行天下	DecorateWeapon2_11	#W行遍天下食烟火，点点青葱爆龙虾。	5	2	3	2	10102000	1271	1272	1273	-1
23	绯色倾城花	DecorateWeapon2_13	#W若教解语应倾国，任是无情亦动人。	8	2	3	2	10102000	1280	1281	1282	-1
24	绛火离人剑	DecorateWeapon2_14	#W何处合成愁？离人心上秋。	8	2	3	2	10102000	1283	1284	1285	-1
25	丹蔓缠心枪	DecorateWeapon2_16	#W相思弦断情不断，落花纷纷心欲穿。	8	2	3	1	10101000	1289	1290	1291	-1
26	赤金炼情环	DecorateWeapon2_15	#W离恨却如春草，更行更远还生。	8	2	3	5	10105000	1292	1293	1294	-1
27	冰河	Weapon2_8	#W寒声漏断三冬月，霜华凌雪映洛川。	9	2	3	1	10101000	1274	1275	1276	-1
28	白骨鞭	Weapon2_10	#W霜白似雪柔无物，一寸一骨一相思。	12	2	3	2	10102000	1324	1325	1327	-1
29	混天玄戟	Weapon2_11	#W剑戟玄天铸，力大战魔王。	13	3	4	1	10101000	1321	1322	1323	1340
30	照妖神镜	DecorateWeapon3_2	#W有何神通藏，见之镜中影。	10	2	3	2	10102000	1304	1305	1306	-1
31	如意金箍棒	DecorateWeapon3_1	#W大圣三条如意棒，前遮后档运机谋。	11	3	4	1	10101000	1307	1308	1309	1320
32	紫青宝剑	DecorateWeapon3_3	#W紫青一剑觅情郎，器蕴有灵知我心。	10	2	3	2	10102000	1310	1311	1312	-1
33	芭蕉灵扇	Weapon2_9	#W手持芭蕉挥一扇，听雷唤雨又呼风。	10	2	3	2	10102000	1317	1318	1319	-1
34	断情镰	DecorateWeapon3_4	#W寒谷鸣霜万千柔，不怜情断锁清秋。	0	0	1	7	10107000	1409	-1	-1	-1
35	游鲤戏梦	DecorateWeapon3_5	#W游鲤戏灯湖山外，盛唐华章入梦来。	11	2	3	2	10102000	1413	1414	1415	-1
36	荆风游	DecorateWeapon3_6	#W乍闻狂风起，荆丛敛旧声。	14	2	3	4	10104000	1416	1417	1418	-1
37	冰糖墩墩儿	DecorateWeapon3_8	#W都说冰糖葫芦酸，酸里面它带着甜~	0	0	1	2	10102000	1424	-1	-1	-1
38	喵喵冻鱼	DecorateWeapon3_7	#W喵不释手，手有鱼香！	15	2	3	2	10102000	1421	1422	1423	-1
39	三千月相	DecorateWeapon3_9	#W浮生倥偬，月相三千。此心予你，亿万斯年。	16	2	3	2	10102000	1427	1428	1429	-1
40	断离愁	DecorateWeapon3_10	#W横刀斩宿业，从今断离愁。	17	2	3	2	10102000	1430	1431	1432	-1
41	狼烟乱	DecorateWeapon3_11	#W若得玉轮满，无惧乱狼烟。	18	2	3	2	10102000	1433	1434	1435	-1
42	湛金枪	Weapon2_12	#W长枪出手，鬼惊神嚎。	0	0	1	1	10101000	1455	-1	-1	-1
45	泰阿剑	Weapon2_13	#W垂明月之珠，服泰阿之剑。	19	3	4	2	10102000	1456	1457	1458	1463
46	嘟嘟鱼竿	Weapon2_14	#W嘟嘟鱼竿颠，悠悠闲趣添。	0	0	1	2	10102000	1462	-1	-1	-1
47	断浪·惊涛	Weapon2_15	#W骇浪惊天地，千涛诉古今。	20	3	4	1	10101000	1459	1460	1461	1464
48	驱邪	Weapon2_16	#W宝剑未有刃，可斩天下魔。	21	1	2	2	10102000	1471	1472	-1	-1
49	怜骨生花	Weapon3_1	#W寺外遗骨终不腐，百年千秋万古情。	26	3	4	7	10107000	1465	1466	1467	1495
50	剑意浓	DecorateWeapon3_15	#W情意绵绵成双舞，一招一式送秋波。	23	2	3	2	10102000	1468	1469	1470	-1
51	湖心曲	DecorateWeapon3_14	#W微风阵阵送荷香，湖心一曲叹鸳鸯。	24	2	3	6	10106000	1473	1474	1475	-1
52	引墨	DecorateWeapon3_12	#W墨香飘逸润心田，笔走龙蛇绘大千。	25	3	4	1	10101000	1477	1478	1479	1480
53	眠云卧月	Weapon3_2	#W欲揽明月光，置我怀袖中。	27	2	3	1	10101000	1496	1497	1498	-1
54	碎星垣	Weapon3_3	#W辰垣迸裂作飞雨，散入沧溟见星芒。	28	2	3	5	10105000	1499	1500	1501	-1
55	拂华见月	DecorateWeapon2_12	#W拂去身前尘，但迎今时月。	29	2	3	2	10102000	1515	1516	1517	-1
56	青龙偃月刀	Weapon3_4	#W马骑赤兔行千里，刀偃青龙出五关。	30	2	3	0	10100000	1521	1522	1523	-1
57	白羽流星	Weapon3_5	#W白羽飞驰，流星飒沓。	31	1	2	2	10102000	1524	1525	-1	-1
58	熊爪棒冰	Weapon3_6	#W甜星点霜雪，童心拢冰凌。	32	1	2	2	10102000	1528	1532	-1	-1
59	小熊甜筒	Weapon3_7	#W冰雪染玉酪，甜作一斛霜。	33	2	3	2	10102000	1529	1530	1531	-1
60	芙蓉香	JD_DecorateWeapon2_4	#W暖风春度，乍起青鸾，深杯添绿酒，旧曲醉欢颜。风落芙蓉画扇闲，浮生难得是清欢。	34	4	4	2	10102000	2851	2853	2854	2855
61	仿·太虚归星杖	JD_DecorateWeapon1_16	#W真人至妙游太虚，揽月归星长生曲。#r此神器是由萧峰依据江湖传闻仿制而成，原型乃是尚未入世的鬼谷门下弟子所配神器。	35	4	4	2	10102000	2837	2838	2839	2841
62	绮梦玫瑰	JD_DecorateWeapon1_15	#W韶华如梦，许一朵百媚千娇，扮卿卿无双国色。	36	4	4	2	10102000	2721	2743	2744	2745
63	浪漫小熊	JD_DecorateWeapon1_14	#W一个由一对布偶小熊做成的武器，是坚贞伟大、永远相伴的爱情见证。	37	4	4	2	10102000	2670	2731	2732	2733
64	草莓甜筒	JD_DecorateWeapon1_13	#W奶油是温暖的记忆，草莓代表甜蜜的爱情，初恋般的草莓甜筒，还不会融化哟。	38	4	4	2	10102000	2666	2723	2724	2725
65	樱桃布丁	JD_DecorateWeapon1_12	#W意料之外的柔软和甜蜜，小心点，别把口水滴在上边。	39	4	4	2	10102000	2667	2727	2728	2729
66	一生一世	JD_DecorateWeapon1_11	#W愿得一心人，白首不相离。#r一生一世两心知，执手共欢愉。	40	4	4	2	10102000	2508	2739	2740	2741
67	蓝色妖姬	JD_DecorateWeapon1_10	#W蓝色妖姬，坚贞伟大、至死不渝的爱情的见证。	41	4	4	2	10102000	2506	2735	2736	2737
68	大风车	JD_DecorateWeapon1_9	#W大风车，童年美好的回忆。	42	4	4	2	10102000	2505	2779	2780	2781
69	山楂冰糖葫芦	JD_DecorateWeapon1_8	#W山楂口味的糖葫芦，看起来很美味。	43	4	4	2	10102000	2504	2775	2776	2777
70	红玫瑰	JD_DecorateWeapon1_7	#W红玫瑰，我爱你。	44	4	4	2	10102000	2284	2763	2764	2765
71	粉玫瑰	JD_DecorateWeapon1_6	#W粉玫瑰，我想你。	45	4	4	2	10102000	2283	2759	2760	2761
72	紫郁金香	JD_DecorateWeapon1_5	#W紫郁金香，永恒爱恋的象征。	46	4	4	2	10102000	2282	2771	2772	2773
73	红郁金香	JD_DecorateWeapon1_4	#W红郁金香，纯情爱恋的象征。	47	4	4	2	10102000	2281	2767	2768	2769
74	棒棒糖（蓝）	JD_DecorateWeapon1_3	#W模型做的棒棒糖，拿在手上仿佛能年轻10岁，但是千万不要放进嘴里哦。	48	4	4	2	10102000	2263	2751	2752	2753
75	棒棒糖（绿）	JD_DecorateWeapon1_2	#W模型做的棒棒糖，拿在手上仿佛能年轻10岁，但是千万不要放进嘴里哦。	49	4	4	2	10102000	2262	2755	2756	2757
76	棒棒糖（红）	JD_DecorateWeapon1_1	#W模型做的棒棒糖，拿在手上仿佛能年轻10岁，但是千万不要放进嘴里哦。	50	4	4	2	10102000	2264	2747	2748	2749
77	霜玉流光	JD_DecorateWeapon3_4	#W雪光满尊盈止水，霜色祝地落繁星。	51	4	4	7	10107000	2963	2965	2966	2967
78	舞春花鼓	JD_DecorateWeapon3_10	#W炫服华妆洛阳逢，苏街灯火闹还童。	52	4	4	2	10102000	2998	3000	3001	3002
79	绝世好串	JD_DecorateWeapon3_16	#W人生得意须尽欢，不如高卧且加餐。	53	4	4	2	10102000	3013	3015	3016	3017
80	柔情	JD_DecorateWeapon2_8	#W夜月一帘幽梦，春风十里柔情。#r#G将其装备于幻饰武器栏位，且武器栏位中已装备武器时，即可使用单人动作：剑舞。	54	4	4	2	10102000	2861	2863	2864	2865
81	幽梦	JD_DecorateWeapon2_6	#W夜月一帘幽梦，春风十里柔情。#r#G将其装备于幻饰武器栏位，且武器栏位中已装备武器时，即可使用单人动作：剑舞。	55	4	4	2	10102000	2856	2858	2859	2860
82	玉隐桃芳	JD_DecorateWeapon2_10	#W桃之夭夭伞中藏，芳华灼灼梦里香。#r#G将其装备于幻饰武器栏位，且武器栏位中已装备武器时，即可使用单人动作：撑伞。	56	4	4	2	10102000	2867	2869	2870	2871
83	冷玉寒芳	JD_DecorateWeapon2_2	#W初日沧凉，海霞摇曙光。几折好山如画，晴霭霭，郁苍苍。#r#G将其装备于幻饰武器栏位，且武器栏位中已装备武器时，即可使用单人动作：舞扇。	57	4	4	4	10104000	2842	2844	2845	2846
84	暖香粉蕊	JD_DecorateWeapon2_16	#W锦窗梦影，秋岚染云霓。何夕天河似练，星敛敛，月依依。#r#G将其装备于幻饰武器栏位，且武器栏位中已装备武器时，即可使用单人动作：舞扇。	58	4	4	4	10104000	2902	2904	2905	2906
85	莲幽	JD_DecorateWeapon2_14	#W莲池幽梦影，何岁与君同。#r#G将其装备于#G幻饰武器栏位#W，且武器栏位中已装备武器时，即可使用#G单人动作：吹笛#W，#G吹奏#W出优美的#G曲子：苍山#W。	59	4	4	2	10102000	2892	2894	2895	2896
86	绿绮	JD_DecorateWeapon2_12	#W蜀僧抱绿绮，西下峨嵋峰。#r#G将其装备于#G幻饰武器栏位#W，且武器栏位中已装备武器时，即可使用#G单人动作：抚琴#W，#G弹奏#W出优美的#G曲子：苍山#W。	60	4	4	2	10102000	2882	2884	2885	2886
87	玉隐梨香	JD_DecorateWeapon3_2	#W梨花满院飘香雪，朝雨半含初带月。#r#G将其装备于幻饰武器栏位，且武器栏位中已装备武器时，即可使用单人动作：撑伞。	61	4	4	2	10102000	2912	2914	2915	2916
88	诗露蔷薇	JD_DecorateWeapon3_6	#W结流丝，垂锦绶，诗外红尘逗，莫听露水，花气酽如酒。#r#G将其装备于幻饰武器栏位，且武器栏位中已装备武器时，即可使用单人动作：撑伞。	62	4	4	2	10102000	2968	2970	2971	2972
89	诗袖罗兰	JD_DecorateWeapon3_8	#W罗兰花边郎见，匆匆伞去，缠凤带，索题诗袖。#r#G将其装备于幻饰武器栏位，且武器栏位中已装备武器时，即可使用单人动作：撑伞。	63	4	4	2	10102000	2983	2985	2986	2987
90	影流韶	JD_DecorateWeapon3_12	#W双蝶翩游辞风影，孤月流光晚韶华。#r此物本为同生双环，另一柄名为梦迷离，世间相传若两物相遇，必有奇观。	64	4	4	5	10105000	3003	3005	3006	3007
91	梦迷离	JD_DecorateWeapon3_14	#W迷离夕霭眠画苑，蝴蝶醉舞梦三千。#r此物本为同生双环，另一柄名为影流韶，世间相传若两物相遇，必有奇观。	65	4	4	5	10105000	3008	3010	3011	3012
92	凤衔烛	JD_DecorateWeapon4_2	#W龙灯提明偏怜我，凤烛高照是故人。	66	4	4	2	10102000	3023	3025	3026	3027
93	龙卧灯	JD_DecorateWeapon4_4	#W龙灯提明偏怜我，凤烛高照是故人。	67	4	4	2	10102000	3018	3020	3021	3022
94	忆王孙	JD_DecorateWeapon4_10	#W宣和道君见瑞鹤来祥，挥毫泼墨。仆今追念，岂非萋萋芳草忆王孙之情。#r#G将其装备于幻饰武器栏位，且武器栏位中已装备武器时，即可使用单人动作：撑伞。	68	4	4	2	10102000	3093	3095	3096	3097
95	云庭里	JD_DecorateWeapon4_8	#W浮雪三千，星斗下，云庭里。#r#G将其装备于幻饰武器栏位，且武器栏位中已装备武器时，即可使用单人动作：撑伞。	69	4	4	2	10102000	3078	3080	3081	3082
96	浮雪三千	JD_DecorateWeapon4_6	#W回风浮雪三千里，湛澹冲玄一万年。	70	4	4	2	10102000	3073	3075	3076	3077
97	庭燎有辉	JD_DecorateWeapon4_12	#W霞上传仙令。云雷镌青印，庭燎湛宇。	71	4	4	2	10102000	3108	3110	3111	3112
98	合欢扇	JD_DecorateWeapon4_14	#W郎有情来妾有意，与君共枕到天明。	72	4	4	2	10102000	3114	3116	3117	3118
99	天河定海	JD_DecorateWeapon4_16	#W如意棒是天河定，镇海神珍世无双。	73	4	4	1	10101000	3123	3125	3126	3127
100	太糊烤鱼	JD_DecorateWeapon5_2	#W一往情深抛一网，太湖畔烧鱼太糊。	74	4	4	2	10102000	3313	3315	3316	3317
101	白羽吹霜袂	JD_DecorateWeapon5_4	#W白羽吹霜袂，纸扇横屏，诗就琅函当睡。	75	4	4	4	10104000	3318	3320	3321	3322
102	满地金	JD_DecorateWeapon5_6	#W侠者拂袖凯旋归，炮响满地散金辉。#r#G将其装备于幻饰武器栏位，且武器栏位中已装备武器时，即可使用单人动作：庆祝。	76	4	4	6	10106000	3323	3325	3326	3327
103	芳菲节	JD_DecorateWeapon5_11	#W吴语劝取芳菲节，须信侬心是我心。#r#G将其装备于幻饰武器栏位，且武器栏位中已装备武器时，即可使用单人动作：扬灯及舞灯。	77	4	4	2	10102000	3331	3333	3334	3335
104	千重花嫁	JD_DecorateWeapon5_13	#W薄光初凝，司花女，肯嫁娉婷，西登楼台，捧抛重瓣蓬瀛。	78	4	4	2	10102000	3346	3348	3349	3350
105	闪晶晶	JD_DecorateWeapon5_8	#W星河闪闪手中握，万状晶荧惹人羡。	79	4	4	2	10102000	3329	3352	3353	3354
106	仙女棒	JD_DecorateWeapon5_7	#W谁将璀璨绕指尖，恍如仙女散天花。#r#G上元节专属幻饰武器	80	0	1	2	10102000	3328	-1	-1	-1
107	小宫灯	JD_DecorateWeapon5_9	#W九曲玲珑烛灯红，珠箔流转伴君眠。#r#G上元节专属幻饰武器	81	0	1	2	10102000	3330	-1	-1	-1
108	敛红绡	JD_DecorateWeapon5_16	#W谁将此刀收绝艳，冰上鲤鱼醉深红。	82	4	4	2	10102000	3355	3357	3358	3359
109	繁英帷下	JD_DecorateWeapon6_4	#W遥忆苍茫紫翠间，繁英垂萝照潭黛。#r#G将其装备于幻饰武器栏位，且武器栏位中已装备武器时，即可使用单人动作：撑伞。	83	4	4	2	10102000	3371	3373	3374	3375
110	金戈玉	JD_DecorateWeapon6_2	#W金戈藏玉覆晓霜，群峰拱水伫临江。#r#G将其装备于幻饰武器栏位，且武器栏位中已装备武器时，即可使用双人动作：笑问情。	84	4	4	2	10102000	3366	3368	3369	3370
111	鱼跃渊	JD_DecorateWeapon6_6	#W鸢飞戾天鱼跃渊，动笔自有山月随。#r#G将其装备于幻饰武器栏位，且武器栏位中已装备武器时，即可使用单人动作：洒江天。	85	4	4	2	10102000	3336	3338	3339	3340
112	狂人血	JD_DecorateWeapon6_16	#W苍山碎云海，金刃暗长天。	86	4	4	0	10100000	3406	3408	3409	3410
113	扫乾坤	JD_DecorateWeapon6_8	#W何当扫尽边尘迹，定得乾坤万古清。	87	4	4	1	10101000	3386	3388	3389	3390
114	百岫禅	JD_DecorateWeapon6_12	#W出岫百叠本无心，既雨是身如浮云。	88	4	4	1	10101000	3396	3398	3399	3400
115	冲则盈	JD_DecorateWeapon7_2	#W阴阳论道游八极，剑光冲盈照天碧。	89	4	4	2	10102000	3411	3413	3414	3415
116	持素心	JD_DecorateWeapon7_8	#W芳草萋萋犹在望，素心拾瓣须自持。	90	4	4	2	10102000	3426	3428	3429	3430
117	覆华池	JD_DecorateWeapon7_10	#W亭亭孤影覆华池，宵立谁顾绝世剑。	91	4	4	2	10102000	3431	3433	3434	3435
118	蝎尾残	JD_DecorateWeapon6_10	#W黎女彩丝缠蝎尾，江湖再现蚀龙鳞。	92	4	4	3	10103000	3391	3393	3394	3395
119	怜幽草	JD_DecorateWeapon6_14	#W春游野涧怜幽草，夜读残句爱短篇。	93	4	4	4	10104000	3401	3403	3404	3405
120	卫金吾	JD_DecorateWeapon7_6	#W咸言名都仪服盛，愿为翘楚执金吾。	94	4	4	5	10105000	3421	3423	3424	3425
121	天之垂	JD_DecorateWeapon7_14	#W愿以诸天为吾阵，垂天之星作飞盘。	95	4	4	7	10107000	3441	3443	3444	3445
122	曲中渡	JD_DecorateWeapon7_16	#W孤高节远不可及，曲中有情何方渡。	96	4	4	8	10102000	3456	3458	3459	3460
123	霜雪现	JD_DecorateWeapon7_4	#W夜深忽现惊鸿影，霜雪追旧覆人颈。	97	4	4	9	10102000	3416	3418	3419	3420
124	横云裂	JD_DecorateWeapon7_12	#W未见吹笛横云裂，何处呼起风芦雪。	98	4	4	10	10102000	3436	3438	3439	3440
125	海音潮涌	JD_DecorateWeapon8_2	#W明月悬夜有孤吟，万潮拨弦怅海音。#r#G将其装备于幻饰武器栏位，且武器栏位中已装备武器时，即可使用单人动作：拨弦。	99	4	4	2	10102000	3471	3473	3474	3475
126	皎皎素手持	JD_DecorateWeapon8_6	#W盈盈水鹊羽香细，皎皎素手袅相持。	100	4	4	2	10102000	3491	3493	3494	3495
127	迢迢河汉语	JD_DecorateWeapon8_4	#W遥音渺渺临风铃，星桥迢迢河汉语。	101	4	4	2	10102000	3486	3488	3489	3490
128	春容醉	JD_DecorateWeapon8_10	#W丹景春醉容，明月问归期。	102	4	4	2	10102000	3501	3503	3504	3505
129	华亭宵鹤唳	JD_DecorateWeapon8_8	#W振衣起、濡毫写青，遥成华亭鹤唳。	103	4	4	4	10104000	3496	3498	3499	3500
130	朱黛重九枝	JD_DecorateWeapon8_12	#W重阳尚未了，茱萸应耐看。	104	4	4	2	10102000	3506	3508	3509	3510
131	龙吟	JD_DecorateWeapon8_14	#W风前雨下枪啸云，千山浑作苍龙吟。#r#G将其装备于幻饰武器栏位，且武器栏位中已装备武器时，即可使用单人动作：掠影。	105	4	4	1	10101000	3511	3513	3514	3515
132	乌角冻糖霜	JD_DecorateWeapon8_16	#W乌角玄牛昂首眺，丹葫珀柄冻糖霜。	106	4	4	2	10102000	3529	3531	3532	3533
133	醉红姻	JD_DecorateWeapon9_2	#W日月花好凝衷情，婵娟与共醉缘姻。	107	4	4	2	10102000	3539	3541	3542	3543
134	望云山	JD_DecorateWeapon9_6	#W弦音低吟两相望，曲声轻和动岚山。	108	4	4	2	10102000	3560	3562	3563	3564
135	醉相思	JD_DecorateWeapon9_8	#W浅醉流转忆往昔，弦动惊起君犹在。	109	4	4	2	10102000	3545	3547	3548	3549
136	幻彩甜梦	JD_DecorateWeapon9_4	#W幻彩缤纷倾心曲，蜜雪蝶飞入甜梦。	110	4	4	2	10102000	3534	3536	3537	3538
137	鸿庆千千转	JD_DecorateWeapon9_10	#W风车千转生鸿运，锦鲤绕莲降福来。	111	4	4	2	10102000	3575	3577	3578	3579
138	秦月桃枝	JD_DecorateWeapon9_12	#W秦楼月下芳菲舞，桃华蝶粉斗遗香。#r#G将其装备于幻饰武器栏位，且武器栏位中已装备武器时，即可使用单人动作：韶音俯仰。	112	4	4	2	10102000	3581	3583	3584	3585
139	锦骨铮熔	JD_DecorateWeapon9_14	#W赤锦缠金刃，铮铮英骨鸣。	113	4	4	1	10101000	3616	3618	3619	3620
140	含玉瑶	JD_DecorateWeapon9_16	#W芳颜多如意，玉引向瑶台。	114	4	4	2	10102000	3631	3633	3634	3635
141	朝露兰泽	JD_DecorateWeapon10_2	#W今朝风露寒，栖宿兰泽岸。	115	4	4	2	10102000	3636	3638	3639	3640
142	溪风拂翠影	JD_DecorateWeapon10_4	#W桥畔青绦低翠影，溪风拂乱见红鳞。	116	4	4	2	10102000	3646	3648	3649	3650
143	风荷举	JD_DecorateWeapon10_6	#W叶上初阳干宿雨，水面清圆，一一风荷举。	117	4	4	2	10102000	3660	3662	3663	3664
144	鸣雷	JD_DecorateWeapon10_8	#W龙门曾共战惊澜，雷电浮云出浚湍。	118	4	4	2	10102000	3667	3669	3670	3671
145	桂兔参星	JD_DecorateWeapon10_12	#W夜深桂兔出，众星随西倾。	119	4	4	2	10102000	3710	3712	3713	3714
146	繁云钩月	JD_DecorateWeapon10_10	#W繁云破后，分明素月，凉影挂金钩。	120	4	4	5	10105000	3715	3717	3718	3719
147	墨染烟华	JD_DecorateWeapon10_14	#W泼墨染就群芳羡，万卷书成冠京华。#r#G将其装备于幻饰武器栏位，且武器栏位中已装备武器时，即可使用单人动作：舒卷。	121	4	4	2	10102000	3910	3912	3913	3914
148	踏风月	JD_DecorateWeapon10_16	#W可惜一溪风月，莫教踏碎琼瑶。	122	4	4	2	10102000	3905	3907	3908	3909
149	却三邪	JD_DecorateWeapon11_4	#W三刀高悬坚心志，却邪除恶固九州。	123	4	4	16	10102000	3890	3896	3899	3902
150	激辣脆皮腿	JD_DecorateWeapon11_2	#W投我以李桃，报之以烧鸡。	124	4	4	2	10102000	3925	3927	3928	3929
151	苍岳	JD_DecorateWeapon11_6	#W苍山碎云海，金刃暗长天。#r#G将其装备于幻饰武器栏位，且武器栏位中已装备武器时，即可使用单人动作：舞岳。	125	4	4	0	10100000	3933	3935	3936	3937
152	醉抱琼枝	JD_DecorateWeapon11_8	#W我醉欲眠卿且去，明朝有意抱琴来。	126	4	4	2	10102000	3940	3942	3943	3944
153	转星河	JD_DecorateWeapon11_10	#W天接云涛连晓雾，星河欲转千帆舞。#r#G将其装备于幻饰武器栏位，且武器栏位中已装备武器时，即可使用单人动作：撑伞。	127	4	4	2	10102000	3950	3952	3953	3954
154	灵寒一枝	JD_DecorateWeapon11_16	#W冰花多秀色，灵水共氤氲。	128	4	4	2	10102000	3979	3981	3982	3983
155	云花点羽	JD_DecorateWeapon11_14	#W手弄生绡白羽扇，点点云花梦不同。#r#G将其装备于幻饰武器栏位，且武器栏位中已装备武器时，即可使用单人动作：舞扇、摇扇。	129	4	4	4	10104000	3969	3971	3972	3973
156	圣剑问情	JD_DecorateWeapon11_12	#W无人问相思，执剑行天涯。#r#G将其装备于幻饰武器栏位，且武器栏位中已装备武器时，即可使用单人动作：舞剑、执剑。	130	4	4	2	10102000	3974	3976	3977	3978
157	花蝶恋	JD_DecorateWeapon12_2	#W凤蝶慕幽香，相思何茫茫。	131	4	4	2	10102000	3985	3987	3988	3989
158	点墨留白	JD_DecorateWeapon12_4	#W孤云一点墨，白月照山河。#r#G将其装备于幻饰武器栏位，且武器栏位中已装备武器时，即可使用单人动作：挥毫。	132	4	4	2	10102000	3990	3992	3993	3994
159	望江	JD_DecorateWeapon12_6	#W鹤舞绕楼飞，唳鸣望江河。#r#G将其装备于幻饰武器栏位，且武器栏位中已装备武器时，即可使用单人动作：破空。	133	4	4	2	10102000	4000	4002	4003	4004
160	轻荷戏鲤	JD_DecorateWeapon12_12	#W风拂香袖留翠影，清池戏鲤来无踪。#r#G将其装备于幻饰武器栏位，且武器栏位中已装备武器时，即可使用单人动作：撑伞。	134	4	4	2	10102000	4005	4007	4008	4009
161	与风眠	JD_DecorateWeapon13_2	#W涧中流水声，枕松与风眠。	135	4	4	2	10102000	4041	4043	4044	4045
162	玉骨摇	JD_DecorateWeapon12_8	#W冰河鱼骨似玉骨，摇摇清风沁我心。	136	4	4	2	10102000	4034	4036	4037	4038
163	鸿刃流光	JD_DecorateWeapon12_16	#W刃击千百里，破光裂岩中。#r#G将其装备于幻饰武器栏位，且武器栏位中已装备武器时，即可使用单人动作：弄钺。	137	4	4	0	10100000	4029	4031	4032	4033
164	长戈熔辉	JD_DecorateWeapon12_14	#W长戈破红尘，熔辉烈炎生。#r#G将其装备于幻饰武器栏位，且武器栏位中已装备武器时，即可使用单人动作：弄钺。	138	4	4	0	10100000	4024	4026	4027	4028
165	落韵摇情	JD_DecorateWeapon13_4	#W不知乘月几人归，落月摇情满江树。	139	4	4	2	10102000	4046	4048	4049	4050
166	燕栖羽	JD_DecorateWeapon12_10	#W南客翩翩舞，一语燕归来。#r#G将其装备于幻饰武器栏位，且武器栏位中已装备武器时，即可使用单人动作：燕回。	140	4	4	4	10104000	4051	4053	4054	4055
167	玉华落	JD_DecorateWeapon13_6	#W秋夜蓦发流光，疑是月华映紫洲。#r#G将其装备于幻饰武器栏位，且武器栏位中已装备武器时，即可使用单人动作：落影归梦。	141	4	4	7	10107000	4057	4059	4060	4061
168	绯云染墨	JD_DecorateWeapon13_8	#W日挂峰边，云染暮色，墨龙逐云开。#r#G将其装备于幻饰武器栏位，且武器栏位中已装备武器时，即可使用单人动作：风云散。	142	4	4	4	10104000	4062	4064	4065	4066
169	明光剑	JD_DecorateWeapon13_10	#W剑气峥嵘，瑞光明灭。	143	4	4	2	10102000	4067	4069	4070	4071
170	赤影钩金	JD_DecorateWeapon13_12	#W日色才出海，晓月无光彩。#r#G将其装备于幻饰武器栏位，且武器栏位中已装备武器时，即可使用单人动作：赤刃归心。	144	4	4	3	10103000	4072	4074	4075	4076
171	白玉青葱	JD_DecorateWeapon13_14	#W香赠民食恩泽广，青白之玉味多鲜。	145	4	4	2	10102000	4077	4079	4080	4081
172	方糖海盐	JD_DecorateWeapon13_16	#W多彩珍珠化糖渍，点蜜如霜缀海盐。	146	4	4	2	10102000	4091	4093	4094	4095
173	曲宴清音	JD_DecorateWeapon14_4	#W宴池瑶台错，一曲弄清音。#r#G将其装备于幻饰武器栏位，且武器栏位中已装备武器时，即可使用单人动作：心音。	147	4	4	2	10102000	4101	4103	4104	4105
174	银翼星明	JD_DecorateWeapon14_2	#W银翼点新装，枪击星又明。#r#G将其装备于幻饰武器栏位，且武器栏位中已装备武器时，即可使用单人动作：猎情。	148	4	4	2	10102000	4096	4098	4099	4100
175	鹤唳	JD_DecorateWeapon14_6	#W云间鹤唳，直问碧霄。	149	4	4	2	10102000	4112	4114	4115	4116
176	花间舞	JD_DecorateWeapon14_8	#W花间蝴蝶翩翩舞，清香徐来戏风轮。#r#G将其装备于幻饰武器栏位，且武器栏位中已装备武器时，即可使用单人动作：风舞。	150	4	4	2	10102000	4127	4129	4130	4131
177	棒棒糖·梦幻	JD_DecorateWeapon14_10	#W颇有童趣的棒棒糖，可以在对手迷失自我时，给出甜蜜一击。	151	4	4	2	10102000	4132	4134	4135	4136
178	星垂平野	JD_DecorateWeapon14_12	#W混沌未明暮野沉，寒芒一刹天地分。#r#G将其装备于幻饰武器栏位，且武器栏位中已装备武器时，即可使用单人动作：点星。	152	4	4	2	10102000	4186	4188	4189	4190
179	断浪	JD_DecorateWeapon14_16	#W骇浪惊天地，彻寒断江心。#r#G将其装备于幻饰武器栏位，且武器栏位中已装备武器时，即可使用单人动作：伏波。	153	4	4	1	10101000	4197	4199	4200	4201
180	翎羽长烟	JD_DecorateWeapon14_14	#W千山翎羽落，长烟碧空清。#r#G将其装备于幻饰武器栏位，且武器栏位中已装备武器时，即可使用单人动作：鹤引琼楼。	154	4	4	4	10104000	4192	4194	4195	4196
181	金鳞戏水	JD_DecorateWeapon15_2	#W夏日波光映鱼影，游鲤戏水乐逍遥。#r#G将其装备于幻饰武器栏位，且武器栏位中已装备武器时，即可使用单人动作：戏鱼。	155	4	4	6	10106000	4202	4204	4205	4206
182	粉红甜心	JD_DecorateWeapon15_4	#W粉色是美好，是甜蜜，是对爱情的无限热爱。	156	4	4	2	10102000	4208	4210	4211	4212
183	凤栖梧桐	JD_DecorateWeapon15_8	#W金井栏边见羽仪，梧桐枝上宿寒枝。#r#G将其装备于幻饰武器栏位，且武器栏位中已装备武器时，即可使用单人动作：凤归云。	157	4	4	92	10102000	4223	4225	4226	4227
184	凤鸣昆山	JD_DecorateWeapon15_6	#W昆山玉碎凤凰叫，芙蓉泣露香兰笑。#r#G将其装备于幻饰武器栏位，且武器栏位中已装备武器时，即可使用单人动作：九天飞凤。	158	4	4	1	10101000	4213	4215	4216	4217
185	卯君拜月	JD_DecorateWeapon15_10	#W拜月不胜情，庭前风露清。#r#G将其装备于幻饰武器栏位，且武器栏位中已装备武器时，即可使用单人动作：盈月。	159	4	4	92	10102000	4238	4240	4241	4242
186	阳焱巨阙	JD_DecorateWeapon15_14	#W人生寓一世，何异石火飞流焱。#r#G将其装备于幻饰武器栏位，且武器栏位中已装备武器时，即可使用单人动作：千军辟易。	160	4	4	92	10102000	4255	4257	4258	4259
187	焦糖画韵	JD_DecorateWeapon15_16	#W汤勺浇铸画龙韵，巴山蜀水就糖霜。	161	4	4	92	10102000	4243	4245	4246	4247
188	封龙	JD_DecorateWeapon16_2	#W封龙入神兵，一斩可开天。#r#G将其装备于幻饰武器栏位，且武器栏位中已装备武器时，即可使用单人动作：斩渊。	162	4	4	0	10100000	4261	4263	4264	4265
189	望乡	JD_DecorateWeapon16_4	#W黄鹤楼中吹玉笛，江城五月落梅花。#r#G将其装备于幻饰武器栏位，且武器栏位中已装备武器时，即可使用单人动作：奔跃。	163	4	4	5	10105000	4266	4268	4269	4270
190	美梦成真	JD_DecorateWeapon16_12	#W甜甜的梦，给甜甜的你。	164	4	4	92	10102000	4281	4283	4284	4285
191	蔷薇迷梦	JD_DecorateWeapon16_6	#W我要刺你，让你永不会忘记，我不愿被你采折。#r#G将其装备于幻饰武器栏位，且武器栏位中已装备武器时，即可使用单人动作：圆舞。	165	4	4	92	10102000	4276	4278	4279	4280
192	赤月蚀影	JD_DecorateWeapon16_8	#W夜的沉静，端凝的风姿，如同我恋人的倩影。#r#G将其装备于幻饰武器栏位，且武器栏位中已装备武器时，即可使用单人动作：镰舞。	166	4	4	0	10100000	4271	4273	4274	4275
193	玉龙赐福	JD_DecorateWeapon16_10	#W龙衔火树千重焰，此时尽化万财金。#r#G将其装备于幻饰武器栏位，且武器栏位中已装备武器时，即可使用单人动作：赐福。	167	4	4	3	10103000	4296	4298	4299	4300
194	韶华予蝶	JD_DecorateWeapon16_14	#W韶华未却春风意，赠与蛱蝶绕花间。	168	4	4	92	10102000	4301	4303	4304	4305
195	天问	JD_DecorateWeapon16_16	#W醉拟豪言三千卷，直待凌云问穹天。#r#G将其装备于幻饰武器栏位，且武器栏位中已装备武器时，即可使用单人动作：斩恶。	169	4	4	92	10102000	4352	4354	4355	4356
196	裂冰	JD_DecorateWeapon17_2	#W朔雪寒断指，朔风劲裂冰。#r#G将其装备于幻饰武器栏位，且武器栏位中已装备武器时，即可使用单人动作：碎星。	170	4	4	5	10105000	4357	4359	4360	4361
197	冷弧光	JD_DecorateWeapon18_8	#W云海尘清，山河影满，桂冷吹香雪。	171	4	4	17	10102000	4540	4542	4543	4544
198	凤华昭晖剑	JD_DecorateWeapon18_12	#W凤华开天，余晖万千。#r#G将其装备于幻饰武器栏位，且武器栏位中已装备武器时，即可使用单人动作：浴火。	172	4	4	92	10102000	4560	4562	4563	4564
199	斩星辰	JD_DecorateWeapon18_14	#W通天噬万物，自可斩星辰。#r#G将其装备于幻饰武器栏位，且武器栏位中已装备武器时，即可使用单人动作：参星。	173	4	4	1	10101000	4575	4577	4578	4579
200	喵喵冻鱼	JD_DecorateWeapon18_16	#W喵不释手，手有鱼香！	174	4	4	92	10102000	4567	4569	4570	4571
201	玄焰青霜	JD_DecorateWeapon19_4	#W青霜凝蛇影，玄焰夜来光。#r#G将其装备于幻饰武器栏位，且武器栏位中已装备武器时，即可使用单人动作：刺霜。	175	4	4	92	10102000	4581	4583	4584	4585
202	执月流芳	JD_DecorateWeapon19_6	#W承月之泽，似月恒常。祝吾亲族，顺遂无恙。#r#G将其装备于幻饰武器栏位，且武器栏位中已装备武器时，即可使用单人动作：绘月。	176	4	4	7	10107000	4586	4588	4589	4590
203	幽篁照影	JD_DecorateWeapon19_16	#W林深人不知，明月来相照。#r#G将其装备于幻饰武器栏位，且武器栏位中已装备武器时，即可使用单人动作：映竹。	177	4	4	4	10104000	4621	4623	4624	4625
204	朔夜龙胆	JD_DecorateWeapon20_2	#W漫漫长夜连朔漠，月色不掩苍龙痕。#r#G将其装备于幻饰武器栏位，且武器栏位中已装备武器时，即可使用单人动作：龙啸八荒。	178	4	4	1	10101000	4630	4632	4633	4634
205	绯色入梦	JD_DecorateWeapon20_4	#W忽觉绯梦深，跌入香海中。	179	4	4	92	10102000	4635	4637	4638	4639
206	小熊饼干锤	JD_DecorateWeapon20_8	#W小熊饼干锤，香甜又酥脆。#r#G将其装备于幻饰武器栏位，且武器栏位中已装备武器时，即可使用单人动作：一锤定音。	180	4	4	0	10100000	4646	4648	4649	4650
207	璇玑碎	JD_DecorateWeapon21_6	#W可怜璇玑万余里，一击崩作玉尘沉。#r#G将其装备于幻饰武器栏位，且武器栏位中已装备武器时，即可使用单人动作：星沉。	181	4	4	5	10105000	4692	4694	4695	4696
208	眠云卧月	JD_DecorateWeapon21_4	#W欲揽明月光，置我怀袖中。#r#G将其装备于幻饰武器栏位，且武器栏位中已装备武器时，即可使用单人动作：司辰。	182	4	4	1	10101000	4687	4689	4690	4691
209	赤羽焚心	JD_DecorateWeapon21_12	#W赤羽冲霄破长空，焚心蚀骨不留情。#r#G将其装备于幻饰武器栏位，且武器栏位中已装备武器时，即可使用单人动作：斩烬。	183	4	4	92	10102000	4726	4728	4729	4730
210	雪羽飞	JD_DecorateWeapon21_14	#W顶撼丝难断，翎飘雪未沈。#r#G将其装备于幻饰武器栏位，且武器栏位中已装备武器时，即可使用单人动作：观翎。	184	4	4	92	10102000	4734	4736	4737	4738
211	幽蝶引	JD_DecorateWeapon22_4	#W蝶从花中过，惊醒梦中人。	185	4	4	92	10102000	4759	4761	4762	4763
212	寒晶飞羽	JD_DecorateWeapon22_12	#W庭前三千雪，飞羽见冰霜。#r#G将其装备于幻饰武器栏位，且武器栏位中已装备武器时，即可使用单人动作：聚刃。	179	4	5	5	10105000	3248	3249	3250	3251
213	晶璨玫瑰	JD_DecorateWeapon22_10	#W玉魄霜蕊凌雪绽，寒玫一枝明冰心。#r#G将其装备于幻饰武器栏位，且武器栏位中已装备武器时，即可使用单人动作：凝花。	180	4	5	92	10102000	3243	3244	3245	3246
214	北境霜锋	JD_DecorateWeapon22_8	#W千里冰山色，天涯霜雪寒。#r#G将其装备于幻饰武器栏位，且武器栏位中已装备武器时，即可使用单人动作：冰封。	181	4	5	17	10102000	3238	3239	3240	3241
215	银辉圣剑	JD_DecorateWeapon22_14	#W眸盛不凡事，翼展现银辉。#r#G将其装备于幻饰武器栏位，且武器栏位中已装备武器时，即可使用单人动作：拔剑。	182	4	5	92	10102000	3253	3254	3255	3256
216	岁鼓鸣驹	JD_DecorateWeapon22_6	#W岁鼓催冬去，驹鸣迎新春。#r#G将其装备于幻饰武器栏位，且武器栏位中已装备武器时，即可使用单人动作：摇岁。	183	4	5	0	10100000	3233	3234	3235	3236
