INT	INT	INT	INT	INT
INT	INT	INT	INT	INT
1	10141000	-1	-1	4912
2	10141001	-1	-1	4801
3	10141002	-1	-1	4802
4	10141003	-1	-1	4803
5	10141004	-1	-1	4804
6	10141005	-1	-1	4805
7	10141006	-1	-1	4806
8	10141007	-1	-1	4807
9	10141008	-1	-1	4808
10	10141009	-1	-1	4809
11	10141010	-1	-1	4810
12	10141011	-1	-1	4811
13	10141012	-1	-1	4812
14	10141013	-1	-1	4813
15	10141014	-1	-1	4814
16	10141015	-1	-1	4815
17	10141016	-1	-1	4816
18	10141017	-1	-1	4817
19	10141018	-1	-1	4818
20	10141019	-1	-1	4910
21	10141020	-1	-1	4911
22	10141041	-1	-1	4913
23	10141042	-1	-1	5438
24	10141043	-1	-1	4949
25	10141044	-1	-1	4952
26	10141045	-1	-1	4953
27	10141046	-1	-1	4954
28	10141047	-1	-1	4955
29	10141048	-1	-1	4951
30	10141049	-1	-1	4950
31	10141052	-1	-1	4969
32	10141053	-1	-1	4970
33	10141054	-1	-1	4971
34	10141055	-1	-1	4972
35	10141056	-1	-1	4973
36	10141057	-1	-1	4974
37	10141058	-1	-1	4975
38	10141059	-1	-1	4976
39	10141060	-1	-1	4957
40	10141061	-1	-1	4958
41	10141062	-1	-1	4959
42	10141063	-1	-1	4960
43	10141064	-1	-1	4961
44	10141065	-1	-1	4962
45	10141066	-1	-1	4963
46	10141067	-1	-1	4964
47	10141068	-1	-1	4965
48	10141069	-1	-1	4966
49	10141070	-1	-1	4967
50	10141071	-1	-1	4968
51	10141072	-1	-1	4914
52	10141073	-1	-1	5439
53	10141074	-1	-1	5440
54	10141075	-1	-1	5438
55	10141076	-1	-1	5439
56	10141077	-1	-1	5440
57	10141078	-1	-1	4977
58	10141079	-1	-1	5441
59	10141080	-1	-1	5442
60	10141081	-1	-1	4978
61	10141082	-1	-1	4979
62	10141083	-1	-1	4980
63	10141084	-1	-1	4981
64	10141085	-1	-1	4982
65	10141086	-1	-1	4983
66	10141087	-1	-1	4984
67	10141088	-1	-1	4985
68	10141089	-1	-1	4986
69	10141090	-1	-1	4987
70	10141091	-1	-1	4988
71	10141092	-1	-1	4989
72	10141093	-1	-1	4990
73	10141094	-1	-1	4991
74	10141095	-1	-1	4992
75	10141102	-1	-1	4993
76	10141103	-1	-1	4994
77	10141104	-1	-1	4995
78	10141105	-1	-1	4701
79	10141106	-1	-1	4702
80	10141107	-1	-1	4703
81	10141108	-1	-1	4704
82	10141109	-1	-1	4705
83	10141110	-1	-1	4706
84	10141111	-1	-1	4996
85	10141112	-1	-1	4997
86	10141113	-1	-1	4998
87	10141114	-1	-1	4999
88	10141115	-1	-1	5010
89	10141116	-1	-1	5011
90	10141117	-1	-1	5012
91	10141118	-1	-1	5013
92	10141119	-1	-1	5024
93	10141120	-1	-1	5025
94	10141121	-1	-1	5026
95	10141122	-1	-1	5027
96	10141123	-1	-1	5028
97	10141124	-1	-1	5029
98	10141125	-1	-1	5030
99	10141126	-1	-1	5031
100	10141127	-1	-1	5032
101	10141128	-1	-1	5033
102	10141129	-1	-1	5034
103	10141130	-1	-1	5035
104	10141131	-1	-1	5036
105	10141132	-1	-1	5037
106	10141133	-1	-1	5038
107	10141134	-1	-1	5039
108	10141135	-1	-1	5040
109	10141136	-1	-1	5041
110	10141137	-1	-1	5042
111	10141138	-1	-1	5043
112	10141139	-1	-1	5044
113	10141140	-1	-1	5045
114	10141141	-1	-1	5046
115	10141142	-1	-1	5047
116	10141143	-1	-1	5048
117	10141144	-1	-1	5049
118	10141145	-1	-1	5050
119	10141146	-1	-1	5051
120	10141147	-1	-1	5052
121	10141148	-1	-1	5053
122	10141149	-1	-1	5054
123	10141151	-1	-1	5055
124	10141152	-1	-1	5056
125	10141153	-1	-1	5057
126	10141154	-1	-1	5058
127	10141155	-1	-1	5059
128	10141156	-1	-1	5060
129	10141157	-1	-1	5061
130	10141158	-1	-1	5062
131	10141159	-1	-1	5063
132	10141160	-1	-1	5064
133	10141161	-1	-1	5065
134	10141162	-1	-1	5066
135	10141163	-1	-1	5067
136	10141164	-1	-1	5068
137	10141165	-1	-1	5069
138	10141166	-1	-1	5070
139	10141167	-1	-1	5071
140	10141168	-1	-1	5072
141	10141169	-1	-1	5073
142	10141170	-1	-1	5074
143	10141171	-1	-1	5075
144	10141172	-1	-1	5076
145	10141173	-1	-1	5077
146	10141174	-1	-1	5078
147	10141175	-1	-1	5079
148	10141176	-1	-1	5080
149	10141177	-1	-1	5081
150	10141178	-1	-1	5082
151	10141179	-1	-1	5083
152	10141180	-1	-1	5084
153	10141181	-1	-1	5085
154	10141182	-1	-1	5086
155	10141183	-1	-1	5087
156	10141184	-1	-1	5088
157	10141185	-1	-1	5089
158	10141186	-1	-1	5090
159	10141187	-1	-1	5091
160	10141188	-1	-1	5092
161	10141189	-1	-1	5093
162	10141190	-1	-1	5094
163	10141191	-1	-1	5095
164	10141192	-1	-1	5096
165	10141193	-1	-1	5097
166	10141194	-1	-1	5098
167	10141195	-1	-1	5099
168	10141196	-1	-1	5100
169	10141197	-1	-1	5101
170	10141198	-1	-1	5102
171	10141199	-1	-1	5103
172	10141200	-1	-1	5104
173	10141201	-1	-1	5105
174	10141202	-1	-1	5106
175	10141203	-1	-1	5107
176	10141204	-1	-1	5109
177	10141205	-1	-1	5108
178	10141206	-1	-1	5110
179	10141207	-1	-1	5111
180	10141208	-1	-1	5112
181	10141209	-1	-1	4707
182	10141210	-1	-1	4708
183	10141211	-1	-1	4709
184	10141212	-1	-1	4710
185	10141213	-1	-1	4711
186	10141214	-1	-1	4712
187	10141215	-1	-1	4713
188	10141216	-1	-1	4714
189	10141217	-1	-1	4715
190	10141218	-1	-1	4716
191	10141225	-1	-1	4717
192	10141226	-1	-1	4718
193	10141227	-1	-1	5433
194	10141228	-1	-1	4719
195	10141229	-1	-1	4720
196	10141230	-1	-1	4721
197	10141231	-1	-1	4722
198	10141232	-1	-1	4723
199	10141233	-1	-1	4724
200	10141234	-1	-1	4725
201	10141235	-1	-1	4726
202	10141236	-1	-1	4727
203	10141237	-1	-1	4728
204	10141238	-1	-1	4729
205	10141239	-1	-1	4730
206	10141240	-1	-1	4731
207	10141241	-1	-1	4732
208	10141242	-1	-1	4733
209	10141243	-1	-1	4734
210	10141244	-1	-1	4735
211	10141245	-1	-1	4736
212	10141246	-1	-1	5434
213	10141247	-1	-1	5435
214	10141248	-1	-1	5436
215	10141249	-1	-1	5441
216	10141250	-1	-1	5442
217	10141251	-1	-1	5443
218	10141252	-1	-1	5444
219	10141253	-1	-1	5445
220	10141254	-1	-1	5446
221	10141255	-1	-1	5447
222	10141256	-1	-1	5448
223	10141257	-1	-1	5449
224	10141258	-1	-1	5450
225	10141259	-1	-1	5451
226	10141260	-1	-1	5632
227	10141261	-1	-1	5633
228	10141262	-1	-1	5634
229	10141263	-1	-1	5635
230	10141264	-1	-1	5636
231	10141265	-1	-1	5637
232	10141266	-1	-1	5638
233	10141267	-1	-1	5639
234	10141268	-1	-1	5640
235	10141269	-1	-1	5641
236	10141270	-1	-1	5642
237	10141271	-1	-1	5643
238	10141272	-1	-1	5644
239	10141273	-1	-1	5645
240	10141274	-1	-1	5646
241	10141275	-1	-1	5647
242	10141276	-1	-1	5648
243	10141277	-1	-1	5649
244	10141278	-1	-1	5650
245	10141279	-1	-1	5651
246	10141280	-1	-1	5652
247	10141281	-1	-1	5653
248	10141282	-1	-1	5654
249	10141283	-1	-1	5655
250	10141284	-1	-1	5656
251	10141285	-1	-1	5657
252	10141286	-1	-1	5658
253	10141287	-1	-1	5659
254	10141288	-1	-1	5660
255	10141289	-1	-1	5661
256	10141290	-1	-1	5662
257	10141291	-1	-1	5663
258	10141292	-1	-1	5664
259	10141293	-1	-1	5665
260	10141294	-1	-1	5666
261	10141295	-1	-1	5667
262	10141296	-1	-1	5668
263	10141297	-1	-1	5669
264	10141298	-1	-1	5670
265	10141299	-1	-1	5671
266	10141300	-1	-1	5672
267	10141301	-1	-1	5673
268	10141302	-1	-1	5674
269	10141303	-1	-1	5675
270	10141304	-1	-1	5676
271	10141305	-1	-1	5677
272	10141306	-1	-1	5678
273	10141307	-1	-1	5679
274	10141308	-1	-1	5681
275	10141309	-1	-1	5682
276	10141310	-1	-1	5683
277	10141311	-1	-1	5684
278	10141312	-1	-1	5685
279	10141313	-1	-1	5686
280	10141314	-1	-1	5687
281	10141315	-1	-1	5688
282	10141316	-1	-1	5689
283	10141317	-1	-1	5690
284	10141318	-1	-1	5691
285	10141319	-1	-1	5692
286	10141320	-1	-1	5693
287	10141321	-1	-1	5694
288	10141322	-1	-1	5695
289	10141323	-1	-1	5696
290	10141324	-1	-1	5697
291	10141325	-1	-1	5698
292	10141326	-1	-1	5699
293	10141327	-1	-1	5700
294	10141328	-1	-1	5701
295	10141329	-1	-1	5702
296	10141330	-1	-1	5703
297	10141331	-1	-1	5704
298	10141332	-1	-1	5705
299	10141333	-1	-1	5706
300	10141334	-1	-1	5707
301	10141335	-1	-1	5708
302	10141336	-1	-1	5709
303	10141337	-1	-1	5710
304	10141338	-1	-1	5711
305	10141339	-1	-1	5712
306	10141340	-1	-1	5713
307	10141789	-1	-1	12144
308	10141790	-1	-1	12145
309	10141791	-1	-1	12146
310	10141792	-1	-1	12147
311	10141793	-1	-1	12148
312	10141794	-1	-1	12149
313	10141795	-1	-1	12150
314	10141796	-1	-1	12151
315	10141797	-1	-1	12152
316	10141798	-1	-1	12153
317	10141799	-1	-1	12154
318	10141806	-1	-1	12155
319	10141807	-1	-1	5452
320	10141808	-1	-1	5453
321	10141809	-1	-1	5454
322	10141810	-1	-1	5455
323	10141811	-1	-1	5456
324	10141812	-1	-1	5457
325	10141813	-1	-1	5458
326	10141814	-1	-1	5459
327	10141815	-1	-1	5460
328	10141816	-1	-1	5461
329	10141817	-1	-1	5462
330	10141818	-1	-1	5463
331	10141819	-1	-1	5464
332	10141820	-1	-1	5465
333	10141821	-1	-1	5466
334	10141822	-1	-1	5467
335	10141823	-1	-1	5468
336	10141824	-1	-1	5469
337	10141825	-1	-1	5470
338	10141826	-1	-1	5471
339	10141827	-1	-1	5472
340	10141828	-1	-1	5473
341	10141829	-1	-1	5474
342	10141830	-1	-1	5475
343	10141831	-1	-1	5476
344	10141832	-1	-1	5477
345	10141833	-1	-1	5478
346	10141834	-1	-1	5479
347	10141835	-1	-1	5480
348	10141836	-1	-1	5481
349	10141837	-1	-1	5482
350	10141838	-1	-1	5483
351	10141839	-1	-1	5484
352	10141840	-1	-1	5485
353	10141841	-1	-1	5486
354	10141842	-1	-1	5487
355	10141843	-1	-1	5488
356	10141844	-1	-1	5489
357	10141845	-1	-1	5490
358	10141846	-1	-1	5491
359	10141847	-1	-1	5492
360	10141848	-1	-1	5493
361	10141849	-1	-1	5494
362	10141850	-1	-1	5495
363	10141851	-1	-1	5496
364	10141852	-1	-1	5497
365	10141853	-1	-1	5498
366	10141854	-1	-1	5499
367	10141855	-1	-1	38496
368	10141856	-1	-1	5500
369	10141857	-1	-1	5501
370	10141858	-1	-1	5502
371	10141859	-1	-1	5503
372	10141860	-1	-1	5504
373	10141861	-1	-1	5505
374	10141862	-1	-1	5506
375	10141863	-1	-1	5507
376	10141864	-1	-1	5508
377	10141865	-1	-1	5509
378	10141866	-1	-1	5510
379	10141867	-1	-1	5511
380	10141868	-1	-1	5512
381	10141869	-1	-1	5513
382	10141870	-1	-1	5514
383	10141871	-1	-1	5515
384	10141872	-1	-1	5516
385	10141873	-1	-1	5517
386	10141874	-1	-1	5518
387	10141875	-1	-1	5519
388	10141876	-1	-1	5520
389	10141877	-1	-1	5521
390	10141878	-1	-1	5522
391	10141879	-1	-1	5523
392	10141880	-1	-1	5524
393	10141881	-1	-1	5525
394	10141882	-1	-1	5526
395	10141883	-1	-1	5527
396	10141884	-1	-1	5528
397	10141885	-1	-1	5529
398	10141886	-1	-1	5530
399	10141887	-1	-1	5531
400	10141888	-1	-1	5532
401	10141889	-1	-1	5533
402	10141890	-1	-1	5534
403	10141891	-1	-1	5535
404	10141892	-1	-1	5536
405	10141893	-1	-1	5537
406	10141894	-1	-1	5538
407	10141895	-1	-1	5539
408	10141896	-1	-1	5540
409	10141897	-1	-1	5541
410	10141898	-1	-1	5542
411	10141899	-1	-1	5543
412	10141900	-1	-1	5544
413	10141901	-1	-1	5545
414	10141902	-1	-1	5546
415	10141903	-1	-1	5547
416	10141904	-1	-1	5548
417	10141905	-1	-1	5549
418	10141906	-1	-1	5550
419	10141907	-1	-1	5551
420	10141908	-1	-1	5552
421	10141909	-1	-1	5553
422	10141910	-1	-1	5554
423	10141911	-1	-1	5555
424	10141912	-1	-1	5556
425	10141913	-1	-1	5557
426	10141914	-1	-1	5558
427	10141915	-1	-1	5559
428	10141916	-1	-1	5560
429	10141918	-1	-1	5561
430	10141919	-1	-1	5562
431	10141920	-1	-1	5563
432	10141921	-1	-1	5564
433	10141922	-1	-1	5565
434	10141923	-1	-1	5566
435	10141924	-1	-1	5567
436	10141925	-1	-1	5568
437	10141926	-1	-1	5569
438	10141927	-1	-1	5570
439	10141928	-1	-1	5571
440	10141929	-1	-1	5572
441	10141930	-1	-1	5573
442	10141931	-1	-1	5574
443	10141932	-1	-1	5575
444	10141933	-1	-1	5576
445	10141934	-1	-1	5577
446	10141935	-1	-1	5578
447	10141936	-1	-1	5579
448	10141937	-1	-1	5580
449	10141938	-1	-1	5581
450	10141939	-1	-1	5582
451	10141940	-1	-1	5583
452	10141941	-1	-1	5584
453	10141942	-1	-1	5585
454	10141943	-1	-1	5586
455	10141944	-1	-1	5587
456	10141945	-1	-1	5588
457	10141946	-1	-1	5589
458	10141947	-1	-1	5590
459	10141948	-1	-1	5591
460	10141949	-1	-1	5592
461	10141950	-1	-1	5593
462	10141951	-1	-1	5594
463	10141952	-1	-1	5595
464	10141953	-1	-1	5596
465	10141954	-1	-1	5597
466	10141955	-1	-1	5598
467	10141956	-1	-1	5599
468	10141957	-1	-1	5600
469	10141958	-1	-1	5601
470	10141959	-1	-1	5602
471	10141960	-1	-1	5603
472	10141961	-1	-1	5604
473	10141962	-1	-1	5605
474	10141963	-1	-1	5606
475	10141964	-1	-1	5607
476	10141965	-1	-1	5608
477	10141966	-1	-1	5609
478	10141967	-1	-1	5610
479	10141968	-1	-1	5611
480	10141969	-1	-1	5612
481	10141970	-1	-1	5613
482	10141971	-1	-1	5614
483	10141972	-1	-1	5615
484	10141973	-1	-1	5616
485	10141974	-1	-1	5617
486	10141975	-1	-1	5618
487	10141976	-1	-1	5619
488	10141977	-1	-1	5620
489	10141978	-1	-1	5621
490	10141979	-1	-1	5622
491	10141980	-1	-1	5623
492	10141981	-1	-1	5624
493	10141982	-1	-1	5625
494	10141983	-1	-1	5626
495	10141984	-1	-1	5627
496	10141985	-1	-1	5628
497	10141986	-1	-1	5629
498	10141988	-1	-1	5631
499	10141987	-1	-1	5630
500	10141989	-1	-1	5680
501	10141990	-1	-1	43796
502	10141991	-1	-1	43797
503	10141992	-1	-1	43798
504	10141993	-1	-1	43799
505	10141994	-1	-1	43800
506	10141995	-1	-1	43801
507	10141996	-1	-1	43802
508	10141997	-1	-1	43803
509	10141998	-1	-1	43804
510	10141999	-1	-1	43805
511	10142000	-1	-1	43806
512	10142001	-1	-1	43807
513	10142002	-1	-1	43808
514	10142003	-1	-1	43809
515	10142004	-1	-1	43810
516	10142005	-1	-1	43811
517	10142006	-1	-1	43812
518	10142007	-1	-1	5714
519	10142008	-1	-1	43870
520	10142009	-1	-1	43871
521	10142010	-1	-1	43872
522	10142011	-1	-1	43873
523	10142012	-1	-1	43874
524	10142013	-1	-1	43875
525	10142014	-1	-1	43876
526	10142015	-1	-1	43877
527	10142016	-1	-1	43878
528	10142017	-1	-1	43879
529	10142018	-1	-1	43880
530	10142019	-1	-1	43881
531	10142020	-1	-1	43882
532	10142021	-1	-1	43883
533	10142022	-1	-1	43884
534	10142023	-1	-1	43885
535	10142024	-1	-1	43893
536	10142025	-1	-1	43894
537	10142026	-1	-1	44169
538	10142027	-1	-1	44170
539	10142028	-1	-1	44171
540	10142029	-1	-1	44172
541	10142030	-1	-1	44173
542	10142031	-1	-1	44174
543	10142032	-1	-1	44175
544	10142033	-1	-1	44176
545	10142034	-1	-1	44177
546	10142035	-1	-1	44178
547	10142036	-1	-1	44179
548	10142037	-1	-1	44180
549	10142038	-1	-1	44181
550	10142039	-1	-1	44182
551	10142040	-1	-1	44183
552	10142041	-1	-1	44184
553	10142043	-1	-1	44566
554	10142044	-1	-1	44567
555	10142045	-1	-1	44568
556	10142046	-1	-1	44569
557	10142047	-1	-1	44570
558	10142048	-1	-1	44571
559	10142049	-1	-1	44572
560	10142050	-1	-1	44573
561	10142051	-1	-1	44574
562	10142052	-1	-1	44575
563	10142053	-1	-1	44576
564	10142054	-1	-1	44577
565	10142055	-1	-1	44578
566	10142056	-1	-1	44579
567	10142057	-1	-1	44580
568	10142058	-1	-1	44581
569	10142060	-1	-1	44593
570	10142061	-1	-1	44594
571	10142062	-1	-1	44595
572	10142063	-1	-1	44596
573	10142064	-1	-1	44597
574	10142065	-1	-1	44598
575	10142066	-1	-1	44599
576	10142067	-1	-1	44600
577	10142068	-1	-1	44601
578	10142069	-1	-1	44602
579	10142070	-1	-1	44603
580	10142071	-1	-1	44604
581	10142072	-1	-1	44605
582	10142073	-1	-1	44606
583	10142074	-1	-1	44607
584	10142075	-1	-1	44608
585	10142077	-1	-1	44649
586	10142078	-1	-1	44650
587	10142080	-1	-1	44738
588	10142081	-1	-1	44746
589	10142082	-1	-1	44754
590	10142083	-1	-1	44755
591	10142084	-1	-1	44756
592	10142085	-1	-1	44757
593	10142102	-1	-1	45172
594	10142103	-1	-1	45173
595	10142104	-1	-1	45174
596	10142105	-1	-1	45175
597	10142106	-1	-1	45176
598	10142107	-1	-1	45177
599	10142108	-1	-1	45178
600	10142109	-1	-1	45179
601	10142110	-1	-1	45180
602	10142111	-1	-1	45181
603	10142112	-1	-1	45182
604	10142113	-1	-1	45183
605	10142114	-1	-1	45184
606	10142115	-1	-1	45185
607	10142116	-1	-1	45186
608	10142117	-1	-1	45187
609	10142118	-1	-1	45195
610	10142119	-1	-1	45196
611	10142120	-1	-1	45197
612	10142121	-1	-1	45198
613	10142122	-1	-1	45199
614	10142123	-1	-1	45200
615	10142124	-1	-1	45201
616	10142125	-1	-1	45202
617	10142126	-1	-1	45203
618	10142127	-1	-1	45204
619	10142128	-1	-1	45205
620	10142129	-1	-1	45206
621	10142130	-1	-1	45207
622	10142131	-1	-1	45208
623	10142132	-1	-1	45209
624	10142133	-1	-1	45210
625	10142086	-1	-1	45218
626	10142087	-1	-1	45219
627	10142088	-1	-1	45220
628	10142089	-1	-1	45221
629	10142090	-1	-1	45222
630	10142091	-1	-1	45223
631	10142092	-1	-1	45224
632	10142093	-1	-1	45225
633	10142094	-1	-1	45226
634	10142095	-1	-1	45227
635	10142096	-1	-1	45228
636	10142097	-1	-1	45229
637	10142098	-1	-1	45230
638	10142099	-1	-1	45231
639	10142100	-1	-1	45232
640	10142101	-1	-1	45233
641	10142134	-1	-1	45269
642	10142135	-1	-1	45270
643	10142136	-1	-1	45271
644	10142137	-1	-1	45272
645	10142138	-1	-1	45273
646	10142139	-1	-1	45274
647	10142140	-1	-1	45275
648	10142141	-1	-1	45276
649	10142142	-1	-1	45277
650	10142143	-1	-1	45278
651	10142144	-1	-1	45279
652	10142145	-1	-1	45280
653	10142146	-1	-1	45281
654	10142147	-1	-1	45282
655	10142148	-1	-1	45283
656	10142149	-1	-1	45284
657	10142150	-1	-1	45292
658	10142151	-1	-1	45293
659	10142152	-1	-1	45294
660	10142153	-1	-1	45295
661	10142154	-1	-1	45296
662	10142155	-1	-1	45297
663	10142156	-1	-1	45298
664	10142157	-1	-1	45299
665	10142158	-1	-1	45300
666	10142159	-1	-1	45301
667	10142160	-1	-1	45302
668	10142161	-1	-1	45303
669	10142162	-1	-1	45304
670	10142163	-1	-1	45305
671	10142164	-1	-1	45306
672	10142165	-1	-1	45307
673	10142166	-1	-1	45315
674	10142167	-1	-1	45316
675	10142168	-1	-1	45317
676	10142169	-1	-1	45318
677	10142170	-1	-1	45319
678	10142171	-1	-1	45320
679	10142172	-1	-1	45321
680	10142173	-1	-1	45322
681	10142174	-1	-1	45323
682	10142175	-1	-1	45324
683	10142176	-1	-1	45325
684	10142177	-1	-1	45326
685	10142178	-1	-1	45327
686	10142179	-1	-1	45328
687	10142180	-1	-1	45329
688	10142181	-1	-1	45330
689	10142182	-1	-1	45339
690	10142183	-1	-1	45340
691	10142184	-1	-1	45341
692	10142185	-1	-1	45342
693	10142186	-1	-1	45343
694	10142187	-1	-1	45344
695	10142188	-1	-1	45345
696	10142189	-1	-1	45346
697	10142190	-1	-1	45347
698	10142191	-1	-1	45348
699	10142192	-1	-1	45349
700	10142193	-1	-1	45350
701	10142194	-1	-1	45351
702	10142195	-1	-1	45352
703	10142196	-1	-1	45353
704	10142197	-1	-1	45354
705	10142204	-1	-1	45424
706	10142205	-1	-1	45425
707	10142206	-1	-1	45426
708	10142207	-1	-1	45427
709	10142208	-1	-1	45428
710	10142209	-1	-1	45429
711	10142210	-1	-1	45430
712	10142211	-1	-1	45431
713	10142212	-1	-1	45432
714	10142213	-1	-1	45433
715	10142214	-1	-1	45434
716	10142215	-1	-1	45435
717	10142216	-1	-1	45436
718	10142217	-1	-1	45437
719	10142218	-1	-1	45438
720	10142219	-1	-1	45439
721	10142198	-1	-1	45447
722	10142199	-1	-1	45448
723	10142200	-1	-1	45449
724	10142201	-1	-1	45450
725	10142202	-1	-1	45451
726	10142203	-1	-1	45452
727	10142220	-1	-1	45460
728	10142221	-1	-1	45461
729	10142222	-1	-1	45462
730	10142223	-1	-1	45463
731	10142224	-1	-1	45464
732	10142225	-1	-1	45465
733	10142226	-1	-1	45466
734	10142227	-1	-1	45467
735	10142228	-1	-1	45468
736	10142229	-1	-1	45469
737	10142230	-1	-1	45470
738	10142231	-1	-1	45471
739	10142232	-1	-1	45472
740	10142233	-1	-1	45473
741	10142234	-1	-1	45474
742	10142235	-1	-1	45475
743	10142236	-1	-1	45483
744	10142237	-1	-1	45484
745	10142238	-1	-1	45485
746	10142239	-1	-1	45486
747	10142240	-1	-1	45487
748	10142241	-1	-1	45488
749	10142242	-1	-1	45489
750	10142243	-1	-1	45490
751	10142244	-1	-1	45491
752	10142245	-1	-1	45492
753	10142246	-1	-1	45493
754	10142247	-1	-1	45494
755	10142248	-1	-1	45495
756	10142249	-1	-1	45496
757	10142250	-1	-1	45497
758	10142251	-1	-1	45498
759	10142252	-1	-1	45499
760	10142253	-1	-1	45500
761	10142254	-1	-1	45566
762	10142255	-1	-1	45567
763	10142256	-1	-1	45568
764	10142257	-1	-1	45569
765	10142258	-1	-1	45570
766	10142259	-1	-1	45571
767	10142260	-1	-1	45572
768	10142261	-1	-1	45573
769	10142262	-1	-1	45574
770	10142263	-1	-1	45575
771	10142264	-1	-1	45576
772	10142265	-1	-1	45577
773	10142266	-1	-1	45578
774	10142267	-1	-1	45579
775	10142268	-1	-1	45580
776	10142269	-1	-1	45581
777	10142272	-1	-1	45814
778	10142273	-1	-1	45815
779	10142274	-1	-1	45816
780	10142275	-1	-1	45817
781	10142276	-1	-1	45818
782	10142277	-1	-1	45819
783	10142278	-1	-1	45820
784	10142279	-1	-1	45821
785	10142280	-1	-1	45822
786	10142281	-1	-1	45823
787	10142282	-1	-1	45824
788	10142283	-1	-1	45825
789	10142284	-1	-1	45826
790	10142285	-1	-1	45827
791	10142286	-1	-1	45828
792	10142287	-1	-1	45829
793	10142305	-1	-1	45837
794	10142306	-1	-1	45838
795	10142307	-1	-1	45839
796	10142308	-1	-1	45840
797	10142309	-1	-1	45841
798	10142310	-1	-1	45842
799	10142311	-1	-1	45843
800	10142312	-1	-1	45844
801	10142313	-1	-1	45845
802	10142314	-1	-1	45846
803	10142315	-1	-1	45847
804	10142316	-1	-1	45848
805	10142317	-1	-1	45849
806	10142318	-1	-1	45850
807	10142319	-1	-1	45851
808	10142320	-1	-1	45852
809	10142324	-1	-1	46316
810	10142325	-1	-1	46317
811	10142326	-1	-1	46318
812	10142327	-1	-1	46319
813	10142328	-1	-1	46320
814	10142329	-1	-1	46321
815	10142330	-1	-1	46322
816	10142331	-1	-1	46323
817	10142332	-1	-1	46324
818	10142333	-1	-1	46325
819	10142334	-1	-1	46326
820	10142335	-1	-1	46327
821	10142336	-1	-1	46328
822	10142337	-1	-1	46329
823	10142338	-1	-1	46330
824	10142339	-1	-1	46331
825	10142342	-1	-1	46339
826	10142343	-1	-1	46340
827	10142344	-1	-1	46341
828	10142345	-1	-1	46342
829	10142346	-1	-1	46343
830	10142347	-1	-1	46344
831	10142348	-1	-1	46345
832	10142349	-1	-1	46346
833	10142350	-1	-1	46347
834	10142351	-1	-1	46348
835	10142352	-1	-1	46349
836	10142353	-1	-1	46350
837	10142354	-1	-1	46351
838	10142355	-1	-1	46352
839	10142356	-1	-1	46353
840	10142357	-1	-1	46354
841	10142360	-1	-1	46368
842	10142361	-1	-1	46369
843	10142362	-1	-1	46370
844	10142363	-1	-1	46371
845	10142364	-1	-1	46372
846	10142365	-1	-1	46373
847	10142366	-1	-1	46374
848	10142367	-1	-1	46375
849	10142368	-1	-1	46376
850	10142369	-1	-1	46377
851	10142370	-1	-1	46378
852	10142371	-1	-1	46379
853	10142372	-1	-1	46380
854	10142373	-1	-1	46381
855	10142374	-1	-1	46382
856	10142375	-1	-1	46383
857	10142376	-1	-1	46393
858	10142377	-1	-1	46394
859	10142378	-1	-1	46395
860	10142379	-1	-1	46396
861	10142380	-1	-1	46397
862	10142381	-1	-1	46398
863	10142382	-1	-1	46399
864	10142383	-1	-1	46400
865	10142384	-1	-1	46401
866	10142385	-1	-1	46402
867	10142386	-1	-1	46403
868	10142387	-1	-1	46404
869	10142388	-1	-1	46405
870	10142389	-1	-1	46406
871	10142390	-1	-1	46407
872	10142391	-1	-1	46408
873	10142392	-1	-1	47313
874	10142393	-1	-1	47314
875	10142394	-1	-1	47315
876	10142395	-1	-1	47316
877	10142396	-1	-1	47317
878	10142397	-1	-1	47318
879	10142398	-1	-1	47319
880	10142399	-1	-1	47320
881	10142400	-1	-1	47321
882	10142401	-1	-1	47322
883	10142402	-1	-1	47323
884	10142403	-1	-1	47324
885	10142404	-1	-1	47325
886	10142405	-1	-1	47326
887	10142406	-1	-1	47327
888	10142407	-1	-1	47328
889	10142408	-1	-1	46423
890	10142409	-1	-1	46424
891	10142410	-1	-1	46425
892	10142411	-1	-1	46426
893	10142412	-1	-1	46427
894	10142413	-1	-1	46428
895	10142414	-1	-1	46429
896	10142415	-1	-1	46430
897	10142416	-1	-1	46431
898	10142417	-1	-1	46432
899	10142418	-1	-1	46433
900	10142419	-1	-1	46434
901	10142420	-1	-1	46435
902	10142421	-1	-1	46436
903	10142422	-1	-1	46437
904	10142423	-1	-1	46438
905	10142424	-1	-1	46466
906	10142425	-1	-1	46447
907	10142426	-1	-1	46448
908	10142427	-1	-1	46449
909	10142428	-1	-1	46450
910	10142429	-1	-1	46451
911	10142430	-1	-1	46452
912	10142431	-1	-1	46453
913	10142432	-1	-1	46454
914	10142433	-1	-1	46455
915	10142434	-1	-1	46456
916	10142435	-1	-1	46457
917	10142436	-1	-1	46458
918	10142437	-1	-1	46459
919	10142438	-1	-1	46460
920	10142439	-1	-1	46461
921	10142440	-1	-1	46462
922	10142441	-1	-1	46470
923	10142442	-1	-1	46471
924	10142443	-1	-1	46472
925	10142444	-1	-1	46473
926	10142445	-1	-1	46474
927	10142446	-1	-1	46475
928	10142447	-1	-1	46476
929	10142448	-1	-1	46477
930	10142449	-1	-1	46478
931	10142450	-1	-1	46479
932	10142451	-1	-1	46480
933	10142452	-1	-1	46481
934	10142453	-1	-1	46482
935	10142454	-1	-1	46483
936	10142455	-1	-1	46484
937	10142456	-1	-1	46485
938	10142457	-1	-1	46486
939	10142458	-1	-1	46487
940	10142459	-1	-1	39596
941	10142460	-1	-1	39597
942	10142461	-1	-1	39598
943	10142462	-1	-1	39599
944	10142463	-1	-1	39600
945	10142464	-1	-1	39601
946	10142465	-1	-1	39602
947	10142466	-1	-1	39603
948	10142467	-1	-1	39604
949	10142468	-1	-1	39605
950	10142469	-1	-1	39606
951	10142470	-1	-1	39607
952	10142471	-1	-1	39608
953	10142472	-1	-1	39609
954	10142473	-1	-1	39610
955	10142474	-1	-1	39611
956	10142475	-1	-1	39612
957	10142476	-1	-1	39613
958	10142477	-1	-1	47579
959	10142478	-1	-1	47580
960	10142479	-1	-1	47581
961	10142480	-1	-1	47582
962	10142481	-1	-1	47583
963	10142482	-1	-1	47584
964	10142483	-1	-1	47585
965	10142484	-1	-1	47586
966	10142485	-1	-1	47587
967	10142486	-1	-1	47588
968	10142487	-1	-1	47589
969	10142488	-1	-1	47590
970	10142489	-1	-1	47591
971	10142490	-1	-1	47592
972	10142491	-1	-1	47593
973	10142492	-1	-1	47594
974	10142510	-1	-1	47616
975	10142511	-1	-1	47617
976	10142512	-1	-1	47618
977	10142513	-1	-1	47619
978	10142514	-1	-1	47620
979	10142515	-1	-1	47621
980	10142516	-1	-1	47622
981	10142517	-1	-1	47623
982	10142518	-1	-1	47624
983	10142519	-1	-1	47625
984	10142520	-1	-1	47626
985	10142521	-1	-1	47627
986	10142522	-1	-1	47628
987	10142523	-1	-1	47629
988	10142524	-1	-1	47630
989	10142525	-1	-1	47631
990	10142526	-1	-1	47632
991	10142527	-1	-1	47633
992	10142528	-1	-1	47766
993	10142529	-1	-1	47767
994	10142530	-1	-1	47768
995	10142531	-1	-1	47769
996	10142532	-1	-1	47770
997	10142533	-1	-1	47771
998	10142534	-1	-1	47772
999	10142535	-1	-1	47773
1000	10142536	-1	-1	47774
1001	10142537	-1	-1	47775
1002	10142538	-1	-1	47776
1003	10142539	-1	-1	47777
1004	10142540	-1	-1	47778
1005	10142541	-1	-1	47779
1006	10142542	-1	-1	47780
1007	10142543	-1	-1	47781
1008	10142544	-1	-1	47782
1009	10142545	-1	-1	47783
1010	10142546	-1	-1	47792
1011	10142547	-1	-1	47793
1012	10142548	-1	-1	47794
1013	10142549	-1	-1	47795
1014	10142550	-1	-1	47796
1015	10142551	-1	-1	47797
1016	10142552	-1	-1	47798
1017	10142553	-1	-1	47799
1018	10142554	-1	-1	47800
1019	10142555	-1	-1	47801
1020	10142556	-1	-1	47802
1021	10142557	-1	-1	47803
1022	10142558	-1	-1	47804
1023	10142559	-1	-1	47805
1024	10142560	-1	-1	47806
1025	10142561	-1	-1	47807
1026	10142562	-1	-1	47808
1027	10142563	-1	-1	47809
1028	10142564	-1	-1	47818
1029	10142565	-1	-1	47819
1030	10142566	-1	-1	47820
1031	10142567	-1	-1	47821
1032	10142568	-1	-1	47822
1033	10142569	-1	-1	47823
1034	10142570	-1	-1	47824
1035	10142571	-1	-1	47825
1036	10142572	-1	-1	47826
1037	10142573	-1	-1	47827
1038	10142574	-1	-1	47828
1039	10142575	-1	-1	47829
1040	10142576	-1	-1	47830
1041	10142577	-1	-1	47831
1042	10142578	-1	-1	47832
1043	10142579	-1	-1	47833
1044	10142580	-1	-1	47834
1045	10142581	-1	-1	47835
1046	10142582	-1	-1	47844
1047	10142583	-1	-1	47845
1048	10142584	-1	-1	47846
1049	10142585	-1	-1	47847
1050	10142586	-1	-1	47848
1051	10142587	-1	-1	47849
1052	10142588	-1	-1	47850
1053	10142589	-1	-1	47851
1054	10142590	-1	-1	47852
1055	10142591	-1	-1	47853
1056	10142592	-1	-1	47854
1057	10142593	-1	-1	47855
1058	10142594	-1	-1	47856
1059	10142595	-1	-1	47857
1060	10142596	-1	-1	47858
1061	10142597	-1	-1	47859
1062	10142598	-1	-1	47860
1063	10142599	-1	-1	47861
1064	10142672	-1	-1	47974
1065	10142673	-1	-1	47975
1066	10142674	-1	-1	47976
1067	10142675	-1	-1	47977
1068	10142676	-1	-1	47978
1069	10142677	-1	-1	47979
1070	10142678	-1	-1	47980
1071	10142679	-1	-1	47981
1072	10142680	-1	-1	47982
1073	10142681	-1	-1	47983
1074	10142682	-1	-1	47984
1075	10142683	-1	-1	47985
1076	10142684	-1	-1	47986
1077	10142685	-1	-1	47987
1078	10142686	-1	-1	47988
1079	10142687	-1	-1	47989
1080	10142688	-1	-1	47990
1081	10142689	-1	-1	47991
1082	10142494	-1	-1	12156
1083	10142495	-1	-1	12157
1084	10142496	-1	-1	12158
1085	10142497	-1	-1	12159
1086	10142498	-1	-1	12160
1087	10142499	-1	-1	12161
1088	10142500	-1	-1	12162
1089	10142501	-1	-1	12163
1090	10142502	-1	-1	12164
1091	10142503	-1	-1	12165
1092	10142504	-1	-1	12166
1093	10142505	-1	-1	12167
1094	10142506	-1	-1	12168
1095	10142507	-1	-1	12169
1096	10142508	-1	-1	12170
1097	10142509	-1	-1	12171
1098	10142690	-1	-1	48140
1099	10142691	-1	-1	48141
1100	10142692	-1	-1	48142
1101	10142693	-1	-1	48143
1102	10142694	-1	-1	48144
1103	10142695	-1	-1	48145
1104	10142696	-1	-1	48146
1105	10142697	-1	-1	48147
1106	10142698	-1	-1	48148
1107	10142699	-1	-1	48149
1108	10142700	-1	-1	48150
1109	10142701	-1	-1	48151
1110	10142702	-1	-1	48152
1111	10142703	-1	-1	48153
1112	10142704	-1	-1	48154
1113	10142705	-1	-1	48155
1114	10142706	-1	-1	48156
1115	10142707	-1	-1	48157
1116	10142708	-1	-1	48186
1117	10142709	-1	-1	48187
1118	10142710	-1	-1	48188
1119	10142711	-1	-1	48189
1120	10142712	-1	-1	48190
1121	10142713	-1	-1	48191
1122	10142714	-1	-1	48192
1123	10142715	-1	-1	48193
1124	10142716	-1	-1	48194
1125	10142717	-1	-1	48195
1126	10142718	-1	-1	48196
1127	10142719	-1	-1	48197
1128	10142720	-1	-1	48198
1129	10142721	-1	-1	48199
1130	10142722	-1	-1	48200
1131	10142723	-1	-1	48201
1132	10142724	-1	-1	48202
1133	10142725	-1	-1	48203
1134	10142726	-1	-1	48510
1135	10142727	-1	-1	48511
1136	10142728	-1	-1	48512
1137	10142729	-1	-1	48513
1138	10142730	-1	-1	48514
1139	10142731	-1	-1	48515
1140	10142732	-1	-1	48516
1141	10142733	-1	-1	48517
1142	10142734	-1	-1	48518
1143	10142735	-1	-1	48519
1144	10142736	-1	-1	48520
1145	10142737	-1	-1	48521
1146	10142738	-1	-1	48522
1147	10142739	-1	-1	48523
1148	10142740	-1	-1	48524
1149	10142741	-1	-1	48525
1150	10142742	-1	-1	48525
1151	10142743	-1	-1	48525
1152	10142750	-1	-1	48551
1153	10142751	-1	-1	48552
1154	10142752	-1	-1	48553
1155	10142753	-1	-1	48554
1156	10142754	-1	-1	48555
1157	10142755	-1	-1	48556
1158	10142756	-1	-1	48557
1159	10142757	-1	-1	48558
1160	10142758	-1	-1	48559
1161	10142759	-1	-1	48560
1162	10142760	-1	-1	48561
1163	10142761	-1	-1	48562
1164	10142762	-1	-1	48563
1165	10142763	-1	-1	48564
1166	10142764	-1	-1	48565
1167	10142765	-1	-1	48566
1168	10142766	-1	-1	48566
1169	10142767	-1	-1	48566
1170	10142768	-1	-1	49281
1171	10142769	-1	-1	49282
1172	10142770	-1	-1	49283
1173	10142771	-1	-1	49284
1174	10142772	-1	-1	49285
1175	10142773	-1	-1	49286
1176	10142774	-1	-1	49287
1177	10142775	-1	-1	49288
1178	10142776	-1	-1	49289
1179	10142777	-1	-1	49290
1180	10142778	-1	-1	49291
1181	10142779	-1	-1	49292
1182	10142780	-1	-1	49293
1183	10142781	-1	-1	49294
1184	10142782	-1	-1	49295
1185	10142783	-1	-1	49296
1186	10142784	-1	-1	49297
1187	10142785	-1	-1	49298
1188	10142786	-1	-1	49349
1189	10142787	-1	-1	49350
1190	10142788	-1	-1	49351
1191	10142789	-1	-1	49352
1192	10142790	-1	-1	49353
1193	10142791	-1	-1	49354
1194	10142792	-1	-1	49355
1195	10142793	-1	-1	49356
1196	10142794	-1	-1	49357
1197	10142795	-1	-1	49358
1198	10142796	-1	-1	49359
1199	10142797	-1	-1	49360
1200	10142798	-1	-1	49361
1201	10142799	-1	-1	49362
1202	10142800	-1	-1	49363
1203	10142801	-1	-1	49364
1204	10142802	-1	-1	49375
1205	10142803	-1	-1	49376
1206	10142804	-1	-1	49377
1207	10142805	-1	-1	49378
1208	10142806	-1	-1	49379
1209	10142807	-1	-1	49380
1210	10142808	-1	-1	49381
1211	10142809	-1	-1	49382
1212	10142810	-1	-1	49383
1213	10142811	-1	-1	49384
1214	10142812	-1	-1	49385
1215	10142813	-1	-1	49386
1216	10142814	-1	-1	49387
1217	10142815	-1	-1	49388
1218	10142816	-1	-1	49389
1219	10142817	-1	-1	49390
1220	10142818	-1	-1	49401
1221	10142819	-1	-1	49402
1222	10142820	-1	-1	49403
1223	10142821	-1	-1	49404
1224	10142822	-1	-1	49405
1225	10142823	-1	-1	49406
1226	10142824	-1	-1	49407
1227	10142825	-1	-1	49408
1228	10142826	-1	-1	49409
1229	10142827	-1	-1	49410
1230	10142828	-1	-1	49411
1231	10142829	-1	-1	49412
1232	10142830	-1	-1	49413
1233	10142831	-1	-1	49414
1234	10142832	-1	-1	49415
1235	10142833	-1	-1	49416
1236	10142834	-1	-1	49365
1237	10142835	-1	-1	49366
1238	10142836	-1	-1	49391
1239	10142837	-1	-1	49392
1240	10142838	-1	-1	49417
1241	10142839	-1	-1	49418
