INT	INT	INT	INT	INT	INT	INT	INT	INT	INT	INT	STRING
INT	INT	INT	INT	INT	INT	INT	INT	INT	INT	INT	STRING
0	0	1109	-1	0	-1	0	-1	0	-1	-1	Bµ Lßu Quang 3 món
1	0	1952	-1	0	-1	0	-1	0	-1	-1	Bµ Lßu Quang 3 món
2	0	3150	-1	0	-1	0	-1	0	-1	-1	Bµ Lßu Quang 3 món
3	0	4438	-1	0	-1	0	-1	0	-1	-1	Bµ Lßu Quang 3 món
4	-1	-1	-1	-1	-1	-1	-1	-1	3759	45532	Bµ Lßu Quang 6 món
5	-1	-1	-1	-1	-1	-1	-1	-1	3760	45535	Bµ Lßu Quang 6 món
6	-1	-1	-1	-1	-1	-1	-1	-1	3761	45537	Bµ Lßu Quang 6 món
7	-1	-1	-1	-1	-1	-1	-1	-1	3762	45539	Bµ Lßu Quang 6 món
8	6	10	9	10	12	10	15	10	-1	-1	Bµ Mµ Vû 3 món
9	6	17	9	17	12	17	15	17	-1	-1	Bµ Mµ Vû 3 món
10	6	28	9	28	12	28	15	28	-1	-1	Bµ Mµ Vû 3 món
11	6	40	9	40	12	40	15	40	-1	-1	Bµ Mµ Vû 3 món
12	0	-1	-1	0	-1	0	-1	0	3763	-1	Bµ Mµ Vû 6 món
13	0	-1	-1	0	-1	0	-1	0	3764	-1	Bµ Mµ Vû 6 món
14	0	-1	-1	0	-1	0	-1	0	3765	-1	Bµ Mµ Vû 6 món
15	0	-1	-1	0	-1	0	-1	0	3766	-1	Bµ Mµ Vû 6 món
16	37	3	-1	0	-1	0	-1	0	-1	-1	Bµ Tinh Huy 3 món
17	37	6	-1	0	-1	0	-1	0	-1	-1	Bµ Tinh Huy 3 món
18	37	10	-1	0	-1	0	-1	0	-1	-1	Bµ Tinh Huy 3 món
19	37	15	-1	0	-1	0	-1	0	-1	-1	Bµ Tinh Huy 3 món
20	-1	-1	-1	-1	-1	-1	-1	-1	3767	-1	Bµ Tinh Huy 6 món
21	-1	-1	-1	-1	-1	-1	-1	-1	3768	-1	Bµ Tinh Huy 6 món
22	-1	-1	-1	-1	-1	-1	-1	-1	3769	-1	Bµ Tinh Huy 6 món
23	-1	-1	-1	-1	-1	-1	-1	-1	3770	-1	Bµ Tinh Huy 6 món
24	36	90	-1	0	-1	0	-1	0	-1	-1	Bµ Khinh Phong 3 món
25	36	158	-1	0	-1	0	-1	0	-1	-1	Bµ Khinh Phong 3 món
26	36	255	-1	0	-1	0	-1	0	-1	-1	Bµ Khinh Phong 3 món
27	36	360	-1	0	-1	0	-1	0	-1	-1	Bµ Khinh Phong 3 món
28	-1	-1	-1	-1	-1	-1	-1	-1	3771	-1	Bµ Khinh Phong 6 món
29	-1	-1	-1	-1	-1	-1	-1	-1	3772	-1	Bµ Khinh Phong 6 món
30	-1	-1	-1	-1	-1	-1	-1	-1	3773	-1	Bµ Khinh Phong 6 món
31	-1	-1	-1	-1	-1	-1	-1	-1	3774	-1	Bµ Khinh Phong 6 món
32	35	270	-1	0	-1	0	-1	0	-1	-1	Bµ DÕ Tuyªt 3 món
33	35	475	-1	0	-1	0	-1	0	-1	-1	Bµ DÕ Tuyªt 3 món
34	35	766	-1	0	-1	0	-1	0	-1	-1	Bµ DÕ Tuyªt 3 món
35	35	1080	-1	0	-1	0	-1	0	-1	-1	Bµ DÕ Tuyªt 3 món
36	-1	-1	-1	-1	-1	-1	-1	-1	3775	45554	Bµ DÕ Tuyªt 6 món
37	-1	-1	-1	-1	-1	-1	-1	-1	3776	45555	Bµ DÕ Tuyªt 6 món
38	-1	-1	-1	-1	-1	-1	-1	-1	3777	45556	Bµ DÕ Tuyªt 6 món
39	-1	-1	-1	-1	-1	-1	-1	-1	3778	45557	Bµ DÕ Tuyªt 6 món
40	48	5	-1	0	-1	0	-1	0	-1	-1	Bµ Ngñ Lôi 3 món
41	48	8	-1	0	-1	0	-1	0	-1	-1	Bµ Ngñ Lôi 3 món
42	48	13	-1	0	-1	0	-1	0	-1	-1	Bµ Ngñ Lôi 3 món
43	48	20	-1	0	-1	0	-1	0	-1	-1	Bµ Ngñ Lôi 3 món
44	-1	-1	-1	-1	-1	-1	-1	-1	3779	-1	Bµ Ngñ Lôi 6 món
45	-1	-1	-1	-1	-1	-1	-1	-1	3780	-1	Bµ Ngñ Lôi 6 món
46	-1	-1	-1	-1	-1	-1	-1	-1	3781	-1	Bµ Ngñ Lôi 6 món
47	-1	-1	-1	-1	-1	-1	-1	-1	3782	-1	Bµ Ngñ Lôi 6 món
