INT	STRING	INT	INT	STRING	STRING	STRING	STRING	STRING	STRING	STRING	INT	INT	INT	INT	STRING	INT
INT	STRING	INT	INT	STRING	STRING	STRING	STRING	STRING	STRING	STRING	INT	INT	INT	INT	STRING	INT
1	副本扫荡	1	1	0	非活动时间	0	#{FBSD_150126_08}	0		0	15	0	0	0	0	31
2	周活跃	1	1	0	非活动时间	0	#{ZHY_210301_01}	0		0	35	0	0	0	0	32
3	英雄归来	1	0	0	非活动时间	0	#{HJHL_201224_74}	0		0	50	0	0	0	0	33
4	天赋引导任务	1	0	0	非活动时间	0	#{TFYD_210729_560}	0		0	60	0	0	0	0	34
5	兽魂引导任务	1	0	0	非活动时间	0	#{SHYD_20211227_02}	0		0	85	0	0	0	0	35
6	稀有兽魂限时放出	1	0	0	非活动时间	0	#{XYSHFC_20211229_100}	0		0	85	0	0	0	0	36
7	天赐曼陀	1	0	0	非活动时间	0	#{MPFC_220622_03}	0		0	10	0	0	0	0	37
8	曼陀仙乐祈恒昌	1	1	20221020-20221027	非活动时间	20221020-20221027	#{MTYR_220617_02}	0		0	30	0	0	0	0	38
9	畅秀阁	0	1	20231014-20231014	非活动时间	20231014-20231014	#{JNHZB_20210929_2}	0		0	15	0	0	0	0	39
10	主线剧情	1	0	0	非活动时间	0	#{ZXJQ_221225_02}	0		0	85	0	0	0	0	41
11	助援逍遥觅隐踪	1	1	20230309-20230316	非活动时间	20230309-20230316	#{CCYR_221220_129}	0		0	30	0	0	0	0	40
12	加阵营	1	1	0	非活动时间	0	#{ZYXZ_230104_12}	0		0	85	0	0	0	0	42
13	长春谷通行证	0	1	0	非活动时间	0	#{SWXT_221213_193}	0		0	85	0	0	0	0	39
14	此间相思	1	1	20230608-20230615	非活动时间	20230608-20230615	#{CJXS_230330_36}	0		0	30	0	0	0	0	43
15	神兵预热活动	1	1	20231005-20231012	非活动时间	20231005-20231012	#{SBYR_230707_34}	0		0	30	0	0	0	0	44
16	神兵剧情任务	0	1	0	非活动时间	0	#{SBJQ_230627_02}	0		0	65	0	0	0	0	45
17	七夕狂欢	1	1	20230824-20230910	非活动时间	20230824-20230910	#{QXFL_20230721_17}	0		0	30	0	0	0	0	46
18	神兵引导任务	1	1	0	非活动时间	0	#{SQYD_230802_02}	0		0	65	0	0	0	0	47
19	特色服	1	0	0	非活动时间	0	#{JZF_230821_9}	0		0	10	0	0	0	0	48
20	嘉年华直播	1	1	20241019-20241020	非活动时间	20241019-20241020	#{JNHZB_20210929_2}	0		0	15	0	0	0	0	49
21	时装宝箱	1	1	20231221-20240110	非活动时间	20231221-20240110	#{SZSJ_231114_13}	0		0	15	0	0	0	0	15
22	英雄金约	1	1	0	非活动时间	0	#{ZLSJ_231106_03}	0		0	15	0	0	0	0	51
23	江湖盟会	1	1	0	非活动时间	0	#{SFYD_231227_02}	0		0	50	0	0	0	0	52
24	蜃气萦海幻无边	1	1	20240321-20240328	非活动时间	20240321-20240328	#{SFYR_240104_41}	0		0	30	0	0	0	0	53
25	飞凰礼	1	0	0	非活动时间	0	#{WYCJ_20240320_43}	0		0	50	0	0	0	0	57
26	剑决浮云千里去	1	1	20240613-20240620	非活动时间	20240613-20240620	#{JJFY_240407_25}	0		0	30	0	0	0	0	55
27	再询百晓	1	0	0	非活动时间	0	#{QEYD_240402_02}	0		0	50	0	0	0	0	56
28	大话整合	1	1	20240801-20240915	非活动时间	20240801-20240814;20240815-20240828;20240829-20240915	#{XYZH_240516_1};#{XYZH_240516_9};#{XYZH_240516_13}	20240801-20240915	#{XYZH_240516_2}	5000	30	0	0	0	0	58
29	异世降临	1	1	20240726-20240731	非活动时间	20240726-20240731	#{DHYR_240515_04}	0		0	30	0	0	0	0	59
30	福佑恶人谷	1	0	0	非活动时间	0	#{FCER_240626_01}	0		0	10	0	0	0	0	60
31	大宋悬案	1	1	20241017-20241024	非活动时间	20241017-20241024	#{ERYR_240701_24}	0		0	30	0	0	0	0	61
32	天霄龙跃榜	1	1	20241025-20241231	非活动时间	20241025-20251231	#{TXLY_240904_55}	0		0	10	0	0	0	0	62
33	冰雪节整合	1	0	20241212-20250108	非活动时间	20241212-20250108	#{BXJZH_240927_01}	0		0	30	0	0	0	0	63
34	筑梦冰雪城	1	1	20251211-20251217	非活动时间	20251211-20251217	#{DDBB_240912_11}	0		0	30	0	0	0	0	64
35	新生肖故事	1	1	20250121-20250127	非活动时间	20250121-20250127	#{SXXG_241111_02}	0		0	30	0	0	0	0	65
36	珍兽引导	1	0	0	非活动时间	0	#{ZSYD_241218_02}	0		0	65	0	0	0	0	66
37	兽劫疑云	1	1	20250306-20250313	非活动区间内点击按钮醒目提示	20250306-20250313	#{SJYY_20241216_261}	0		0	50	0	0	0	0	67
38	同庆·车锦绣	1	1	20250417-20250430	非活动时间	20250417-20250430	#{ZNXY_250312_11}	0		0	30	0	0	0	0	68
39	金瓯迷影	1	1	20250612-20250619	非活动时间	20250612-20250619	#{JOMY_20250403_261}	0		0	30	0	0	0	0	69
40	藏宝阁	1	1	20250621-20250624	非活动时间	20250621-20250624	#{ZZPM_250325_04}	0		0	30	0	0	0	0	70
41	重锦阁	1	0	0	非活动时间	0	#{WGFC_250509_01}	0		0	15	0	0	0	0	71
42	返利商店	1	0	0	非活动时间	0	#{XFFL_250522_01}	0		0	15	0	0	0	0	72
43	溯情绘卷	1	1	20250821-20250917	非活动时间	20250821-20250917	#{QNHJ_250609_01}	0		0	30	0	0	0	0	73
44	紫电奇缘	1	0	0	非活动时间	0	#{CTCJ_20250703_43}	0		0	30	0	0	0	0	74
45	紫电巡游赠豪礼	1	0	0	非活动时间	0	#{QCXY_250704_02}	0		0	30	0	0	0	0	75
46	巅峰系统引导	1	0	0	非活动时间	0	#{DFYD_250716_02}	0		0	85	0	0	0	0	76
47	岁华献礼	1	1	20251009-20251112	非活动时间	20251009-20251112	#{WYSD_20250807_05}	0		0	30	0	0	0	0	77
48	侠行千里赴	1	1	20251009-20251016	非活动时间	20251009-20251016	#{DFYR_250725_181}	0		0	30	0	0	0	0	78
49	天龙全球争霸赛	1	0	20250904-20251017	非活动时间	20250904-20251017	#{ZBZB_250902_01}	20250904-20251017	#{ZBZB_250902_01}	5000	10	0	0	0	0	79
50	超特服运营投票	1	0	0	非活动时间	0	#{NZTP_250909_02}	0		0	10	0	0	0	0	80
51	金穗秋华	1	0	20251113-20251124	非活动时间	20251113-20251124	#{JSQH_20250929_2}	0		0	30	0	0	0	0	81
52	新月挑战	1	0	0	非活动时间	0	#{CTYM_251020_01}	0		0	60	0	0	0	0	82
53		0	0								0	0	0	0		0
54	月卡	1	0	0	非活动时间	0	#{YKJY_231113_2}	0		0	1	0	0	0	0	84
