INT	STRING	INT	INT	INT	STRING	INT	INT	INT	INT	INT	INT
INT	STRING	INT	INT	INT	STRING	INT	INT	INT	INT	INT	INT
1	洛阳	0	33	129	敦煌	8	284	146	0	1	0
2	洛阳	0	159	288	嵩山	3	34	55	0	1	0
3	洛阳	0	289	127	雁南	18	264	286	0	1	0
4	苏州	1	32	162	镜湖	5	285	44	0	0	0
5	苏州	1	182	33	太湖	4	215	281	0	1	0
6	苏州	1	182	289	西湖	30	34	50	0	1	0
7	大理	2	160	289	洱海	24	287	32	0	1	10
8	大理	2	28	152	剑阁	7	36	286	0	1	0
9	大理	2	292	152	无量山	6	32	176	0	1	0
10	嵩山	3	34	55	洛阳	0	256	465	0	0	0
11	嵩山	3	285	135	少林寺	9	96	156	0	0	0
12	嵩山	3	286	247	太湖	4	91	23	0	1	0
13	太湖	4	280	32	丐帮总舵	10	91	158	0	0	0
14	太湖	4	286	230	光明殿	11	97	173	0	0	0
15	太湖	4	91	23	嵩山	3	286	247	0	1	0
16	太湖	4	215	281	苏州	1	279	44	0	0	0
17	镜湖	5	285	44	苏州	1	65	270	0	0	0
18	镜湖	5	38	284	无量山	6	287	77	0	1	0
19	镜湖	5	29	232	武当山	12	95	191	0	0	0
20	无量山	6	32	176	大理	2	304	149	0	0	0
21	无量山	6	287	77	镜湖	5	38	284	0	0	10
22	无量山	6	116	32	凌波洞	14	37	130	0	0	0
23	无量山	6	94	286	天龙寺	13	95	145	0	0	0
24	剑阁	7	36	286	大理	2	32	149	0	0	0
25	剑阁	7	105	40	敦煌	8	231	286	0	1	10
26	剑阁	7	285	172	峨嵋山	15	89	156	0	0	0
27	敦煌	8	149	38	宝藏洞一层	166	234	238	0	1	0
28	敦煌	8	231	286	剑阁	7	105	40	0	1	0
29	敦煌	8	284	146	洛阳	0	85	257	0	0	0
30	敦煌	8	55	34	天山	17	94	158	0	0	0
31	敦煌	8	33	277	星宿海	16	96	159	0	0	0
32	少林寺	9	96	156	嵩山	3	285	135	0	1	20
33	丐帮总舵	10	91	158	太湖	4	280	32	0	1	20
34	光明殿	11	97	173	太湖	4	286	230	0	1	20
35	武当山	12	95	191	镜湖	5	29	232	0	0	20
36	天龙寺	13	95	145	无量山	6	94	286	0	1	0
37	凌波洞	14	37	130	无量山	6	116	32	0	1	0
38	峨嵋山	15	89	156	剑阁	7	285	172	0	1	0
39	星宿海	16	96	159	敦煌	8	33	277	0	1	20
40	天山	17	94	158	敦煌	8	55	34	0	1	20
41	雁南	18	33	58	草原	20	287	258	0	1	0
42	雁南	18	265	288	洛阳	0	446	259	0	0	0
43	雁南	18	34	39	摩崖洞	213	22	235	0	1	0
44	雁南	18	248	37	雁北	19	228	280	0	1	0
45	雁北	19	59	60	大军草料场	199	23	228	0	1	0
46	雁北	19	139	259	燕王古墓一层	202	69	104	0	0	21
47	雁北	19	228	280	雁南	18	248	37	0	1	0
48	草原	20	271	33	长白山	22	33	269	0	1	0
49	草原	20	119	32	辽西	21	61	297	0	1	0
50	草原	20	65	195	水晶湖	217	230	236	0	1	0
51	草原	20	287	258	雁南	18	33	58	0	1	0
52	辽西	21	61	297	草原	20	119	32	0	1	0
53	辽西	21	37	211	先王坟	218	127	19	0	1	0
54	辽西	21	285	45	银皑雪原	229	58	226	0	1	0
55	长白山	22	33	269	草原	20	271	33	0	1	0
56	长白山	22	286	73	黄龙府	23	48	287	0	1	0
57	黄龙府	23	48	287	长白山	22	286	73	0	1	0
58	黄龙府	23	201	255	雪狼湖	222	108	228	0	1	0
59	洱海	24	34	157	苍山	25	286	56	0	1	0
60	洱海	24	287	32	大理	2	160	295	0	0	0
61	洱海	24	34	279	石林	26	268	128	0	1	0
62	洱海	24	284	87	温泉洞	215	25	235	0	1	0
63	苍山	25	286	56	洱海	24	34	157	0	0	0
64	苍山	25	278	122	野人沟	214	21	36	0	1	0
65	石林	26	268	128	洱海	24	34	279	0	0	0
66	石林	26	33	250	南诏	28	280	45	0	1	0
67	石林	26	109	272	天坑树洞	219	237	18	0	1	0
68	石林	26	37	273	盐湖	235	49	23	0	1	0
69	石林	26	112	34	玉溪	27	36	46	0	1	0
70	玉溪	27	36	46	石林	26	112	34	0	1	0
71	玉溪	27	54	167	桃花源	220	20	19	0	1	0
72	南诏	28	106	285	苗疆	29	67	32	0	1	0
73	南诏	28	280	45	石林	26	33	250	0	1	0
74	苗疆	29	67	32	南诏	28	106	285	0	1	0
75	西湖	30	287	54	龙泉	31	34	274	0	1	0
76	西湖	30	42	227	山洞船坞	211	24	224	0	1	0
77	西湖	30	34	50	苏州	1	279	416	0	0	0
78	西湖	30	265	286	武夷	32	36	33	0	1	0
79	西湖	30	91	45	夜西湖	164	88	40	0	1	0
80	龙泉	31	172	280	剑冢	212	15	15	0	1	0
81	龙泉	31	34	274	西湖	30	287	54	0	1	0
82	龙泉	31	284	154	清源	282	280	45	0	1	0
83	武夷	32	96	44	黄龙洞	216	108	229	0	1	0
84	武夷	32	283	180	梅岭	33	33	275	0	1	0
85	武夷	32	248	286	南海	34	34	36	0	1	0
86	武夷	32	36	33	西湖	30	265	286	0	1	0
87	梅岭	33	192	279	苗人洞	200	89	242	0	1	0
88	梅岭	33	33	275	武夷	32	283	180	0	1	0
89	梅岭	33	276	29	清源	282	103	303	0	1	0
90	南海	34	70	188	海贼洞	221	42	228	0	1	0
91	南海	34	286	174	琼州	35	279	286	0	1	0
92	南海	34	34	36	武夷	32	248	286	0	1	0
93	琼州	35	279	286	南海	34	286	174	0	1	0
94	玄武岛	112	290	60	圣兽山	201	235	230	0	0	21
95	宝藏洞一层	166	18	16	宝藏洞二层	169	233	236	0	1	0
96	宝藏洞一层	166	234	238	敦煌	8	149	38	0	1	0
97	宝藏洞二层	169	20	10	宝藏洞三层	191	17	237	0	1	0
98	宝藏洞二层	169	233	236	宝藏洞一层	166	18	16	0	1	0
99	银皑雪原	229	58	226	辽西	21	285	45	0	1	0
100	宝藏洞三层	191	17	237	宝藏洞二层	169	20	10	0	1	0
101	宝藏洞三层	191	245	16	宝藏洞四层	192	26	249	0	1	0
102	宝藏洞四层	192	26	249	宝藏洞三层	191	245	16	0	1	0
103	宝藏洞四层	192	246	22	宝藏洞五层	193	128	247	0	1	0
104	宝藏洞五层	193	128	247	宝藏洞四层	192	246	22	0	1	0
105	大军草料场	199	23	228	雁北	19	59	60	0	1	0
106	苗人洞	200	89	242	梅岭	33	192	279	0	1	0
107	圣兽山	201	235	230	玄武岛	112	290	60	0	1	0
108	燕王古墓一层	202	69	104	雁北	19	139	259	0	1	0
109	燕王古墓一层	202	29	68	燕王古墓二层	203	87	93	0	0	0
110	燕王古墓二层	203	106	18	燕王古墓三层	204	7	24	0	0	0
111	燕王古墓二层	203	87	93	燕王古墓一层	202	29	68	0	0	0
112	燕王古墓三层	204	7	24	燕王古墓二层	203	106	18	0	0	0
113	燕王古墓三层	204	110	114	燕王古墓四层	205	103	10	0	0	0
114	燕王古墓四层	205	103	10	燕王古墓三层	204	110	114	0	0	0
115	燕王古墓四层	205	63	52	燕王古墓五层	206	20	19	0	0	0
116	燕王古墓五层	206	104	11	燕王古墓六层	207	64	116	0	0	0
117	燕王古墓五层	206	20	19	燕王古墓四层	205	63	52	0	0	0
118	燕王古墓六层	207	64	60	燕王古墓七层	208	28	115	0	0	0
119	燕王古墓六层	207	64	116	燕王古墓五层	206	104	11	0	0	0
120	燕王古墓七层	208	79	20	燕王古墓八层	209	10	13	0	0	0
121	燕王古墓七层	208	28	115	燕王古墓六层	207	64	60	0	0	0
122	燕王古墓八层	209	38	31	燕王古墓九层	210	14	15	0	0	0
123	燕王古墓八层	209	10	13	燕王古墓七层	208	79	20	0	0	0
124	燕王古墓九层	210	14	15	燕王古墓八层	209	38	31	0	0	0
125	山洞船坞	211	24	224	西湖	30	42	227	0	1	0
126	剑冢	212	15	15	龙泉	31	172	280	0	1	0
127	摩崖洞	213	22	235	雁南	18	34	39	0	1	0
128	野人沟	214	21	36	苍山	25	278	122	0	1	0
129	温泉洞	215	25	235	洱海	24	284	87	0	1	0
130	黄龙洞	216	108	229	武夷	32	96	44	0	1	0
131	水晶湖	217	230	236	草原	20	65	195	0	1	0
132	先王坟	218	127	19	辽西	21	37	211	0	1	0
133	天坑树洞	219	237	18	石林	26	109	272	0	1	0
134	桃花源	220	20	19	玉溪	27	54	167	0	1	0
135	海贼洞	221	42	228	南海	34	70	188	0	1	0
136	雪狼湖	222	108	228	黄龙府	23	201	255	0	1	0
137	盐湖	235	49	23	石林	26	37	273	0	1	0
138	盐湖	235	231	169	白沙盐坑	237	100	98	0	1	0
139	白沙盐坑	237	100	98	盐湖	235	231	169	0	1	0
140	火焰山	244	20	237	高昌	245	229	221	0	1	90
141	火焰山	244	26	103	火焰谷	251	68	23	0	0	90
142	高昌	245	229	221	火焰山	244	20	237	0	1	90
143	高昌	245	72	144	高昌迷宫	252	105	105	0	0	90
144	高昌	245	22	37	楼兰	246	298	142	0	0	90
145	楼兰	246	21	143	大宛	249	195	235	0	1	90
146	楼兰	246	298	142	高昌	245	22	37	0	1	90
147	楼兰	246	160	307	塔里木	247	30	22	0	1	90
148	塔里木	247	30	22	楼兰	246	160	307	0	0	90
149	塔里木	247	236	222	昆仑山	248	109	15	0	1	90
150	塔里木	247	104	215	塔克拉玛干	253	34	18	0	0	90
151	火焰谷	251	68	23	火焰山	244	26	103	0	1	90
152	高昌迷宫	252	105	105	高昌	245	72	144	0	1	90
153	塔克拉玛干	253	34	18	塔里木	247	104	215	0	1	90
154	大宛	249	195	235	楼兰	246	21	143	0	0	90
155	大宛	249	47	21	撒马尔罕	250	42	231	0	1	90
156	大宛	249	20	210	汗血岭	255	96	87	0	0	90
157	汗血岭	255	96	87	大宛	249	20	210	0	1	90
158	秦皇地宫一层	262	25	40	秦皇地宫二层	263	235	225	0	0	0
159	秦皇地宫二层	263	235	225	秦皇地宫一层	262	25	40	0	0	0
160	秦皇地宫二层	263	96	164	秦皇地宫三层	264	237	216	0	0	0
161	秦皇地宫三层	264	237	216	秦皇地宫二层	263	96	164	0	0	0
162	夜西湖	164	88	40	西湖	30	91	45	0	1	0
163	昆仑福地	254	96	32	昆仑山	248	21	231	0	1	90
164	昆仑山	248	109	15	塔里木	247	236	222	0	1	90
165	昆仑山	248	21	231	昆仑福地	254	96	32	0	0	90
166	清源	282	280	45	龙泉	31	284	154	0	1	0
167	清源	282	103	303	梅岭	33	276	29	0	1	0
168	清源	282	283	293	清源山洞	283	42	228	0	1	0
169	清源山洞	283	42	228	清源	282	283	293	0	1	0
170	撒马尔罕	250	42	231	大宛	249	47	21	0	1	90
171	撒马尔罕	250	72	30	圣火宫	256	24	106	0	0	90
172	圣火宫	256	24	106	撒马尔罕	250	72	30	0	1	90
173	剑阁	7	280	81	秦皇地宫一层	262	227	224	1	0	0
174	秦皇地宫一层	262	226	234	剑阁	7	276	82	0	0	0
175	洛阳	0	230	129	苏州	1	204	256	1	0	10
176	洛阳	0	230	129	苏州-铁匠铺	1	335	225	1	0	10
177	洛阳	0	230	129	大理	2	253	121	1	0	10
178	洛阳	0	230	129	楼兰	246	285	130	1	0	75
179	洛阳	0	230	129	束河古镇	260	202	211	1	0	20
180	洛阳	0	230	129	门派-星宿	16	99	150	1	0	10
181	洛阳	0	230	129	门派-逍遥	14	69	142	1	0	10
182	洛阳	0	230	129	门派-少林	9	11	93	1	0	10
183	洛阳	0	230	129	门派-天山	17	90	120	1	0	10
184	洛阳	0	230	129	门派-天龙	13	21	99	1	0	10
185	洛阳	0	230	129	门派-峨嵋	15	86	142	1	0	10
186	洛阳	0	230	129	门派-武当	12	101	136	1	0	10
187	洛阳	0	230	129	门派-明教	11	102	167	1	0	10
188	洛阳	0	230	129	门派-丐帮	10	95	120	1	0	10
189	洛阳	0	139	182	苏州	1	204	256	1	0	10
190	洛阳	0	139	182	苏州-铁匠铺	1	335	225	1	0	10
191	洛阳	0	139	182	大理	2	253	121	1	0	10
192	洛阳	0	139	182	楼兰	246	285	130	1	0	75
193	洛阳	0	139	182	束河古镇	260	202	211	1	0	20
194	洛阳	0	139	182	门派-星宿	16	99	150	1	0	10
195	洛阳	0	139	182	门派-逍遥	14	69	142	1	0	10
196	洛阳	0	139	182	门派-少林	9	11	93	1	0	10
197	洛阳	0	139	182	门派-天山	17	90	120	1	0	10
198	洛阳	0	139	182	门派-天龙	13	21	99	1	0	10
199	洛阳	0	139	182	门派-峨嵋	15	86	142	1	0	10
200	洛阳	0	139	182	门派-武当	12	101	136	1	0	10
201	洛阳	0	139	182	门派-明教	11	102	167	1	0	10
202	洛阳	0	139	182	门派-丐帮	10	95	120	1	0	10
203	苏州	1	239	128	洛阳	0	235	322	1	0	10
204	苏州	1	239	128	洛阳-九州商会	0	326	269	1	0	10
205	苏州	1	239	128	大理	2	253	121	1	0	10
206	苏州	1	239	128	楼兰	246	285	130	1	0	75
207	苏州	1	239	128	束河古镇	260	202	211	1	0	20
208	苏州	1	239	128	门派-星宿	16	99	150	1	0	10
209	苏州	1	239	128	门派-逍遥	14	69	142	1	0	10
210	苏州	1	239	128	门派-少林	9	11	93	1	0	10
211	苏州	1	239	128	门派-天山	17	90	120	1	0	10
212	苏州	1	239	128	门派-天龙	13	21	99	1	0	10
213	苏州	1	239	128	门派-峨嵋	15	86	142	1	0	10
214	苏州	1	239	128	门派-武当	12	101	136	1	0	10
215	苏州	1	239	128	门派-明教	11	102	167	1	0	10
216	苏州	1	239	128	门派-丐帮	10	95	120	1	0	10
217	苏州	1	111	160	洛阳	0	235	322	1	0	10
218	苏州	1	111	160	洛阳-九州商会	0	326	269	1	0	10
219	苏州	1	111	160	大理	2	253	121	1	0	10
220	苏州	1	111	160	楼兰	246	285	130	1	0	75
221	苏州	1	111	160	束河古镇	260	202	211	1	0	20
222	苏州	1	111	160	门派-星宿	16	99	150	1	0	10
223	苏州	1	111	160	门派-逍遥	14	69	142	1	0	10
224	苏州	1	111	160	门派-少林	9	11	93	1	0	10
225	苏州	1	111	160	门派-天山	17	90	120	1	0	10
226	苏州	1	111	160	门派-天龙	13	21	99	1	0	10
227	苏州	1	111	160	门派-峨嵋	15	86	142	1	0	10
228	苏州	1	111	160	门派-武当	12	101	136	1	0	10
229	苏州	1	111	160	门派-明教	11	102	167	1	0	10
230	苏州	1	111	160	门派-丐帮	10	95	120	1	0	10
231	大理	2	241	136	洛阳	0	235	322	1	0	10
232	大理	2	241	136	洛阳-九州商会	0	326	269	1	0	10
233	大理	2	241	136	苏州	1	204	256	1	0	10
234	大理	2	241	136	苏州-铁匠铺	1	335	225	1	0	10
235	大理	2	241	136	楼兰	246	285	130	1	0	75
236	大理	2	241	136	束河古镇	260	202	211	1	0	20
237	大理	2	241	136	门派-星宿	16	99	150	1	0	10
238	大理	2	241	136	门派-逍遥	14	69	142	1	0	10
239	大理	2	241	136	门派-少林	9	11	93	1	0	10
240	大理	2	241	136	门派-天山	17	90	120	1	0	10
241	大理	2	241	136	门派-天龙	13	21	99	1	0	10
242	大理	2	241	136	门派-峨嵋	15	86	142	1	0	10
243	大理	2	241	136	门派-武当	12	101	136	1	0	10
244	大理	2	241	136	门派-明教	11	102	167	1	0	10
245	大理	2	241	136	门派-丐帮	10	95	120	1	0	10
246	少林寺	9	93	132	洛阳	0	235	322	1	0	10
247	少林寺	9	93	132	洛阳-九州商会	0	326	269	1	0	10
248	少林寺	9	93	132	苏州	1	204	256	1	0	10
249	少林寺	9	93	132	苏州-铁匠铺	1	335	225	1	0	10
250	少林寺	9	93	132	大理	2	253	121	1	0	10
251	少林寺	9	93	132	门派-星宿	16	99	150	1	0	10
252	少林寺	9	93	132	门派-逍遥	14	69	142	1	0	10
253	少林寺	9	93	132	门派-少林	9	11	93	1	0	10
254	少林寺	9	93	132	门派-天山	17	90	120	1	0	10
255	少林寺	9	93	132	门派-天龙	13	21	99	1	0	10
256	少林寺	9	93	132	门派-峨嵋	15	86	142	1	0	10
257	少林寺	9	93	132	门派-武当	12	101	136	1	0	10
258	少林寺	9	93	132	门派-明教	11	102	167	1	0	10
259	少林寺	9	93	132	门派-丐帮	10	95	120	1	0	10
260	丐帮总舵	10	95	120	洛阳	0	235	322	1	0	10
261	丐帮总舵	10	95	120	洛阳-九州商会	0	326	269	1	0	10
262	丐帮总舵	10	95	120	苏州	1	204	256	1	0	10
263	丐帮总舵	10	95	120	苏州-铁匠铺	1	335	225	1	0	10
264	丐帮总舵	10	95	120	大理	2	253	121	1	0	10
265	丐帮总舵	10	95	120	门派-星宿	16	99	150	1	0	10
266	丐帮总舵	10	95	120	门派-逍遥	14	69	142	1	0	10
267	丐帮总舵	10	95	120	门派-少林	9	11	93	1	0	10
268	丐帮总舵	10	95	120	门派-天山	17	90	120	1	0	10
269	丐帮总舵	10	95	120	门派-天龙	13	21	99	1	0	10
270	丐帮总舵	10	95	120	门派-峨嵋	15	86	142	1	0	10
271	丐帮总舵	10	95	120	门派-武当	12	101	136	1	0	10
272	丐帮总舵	10	95	120	门派-明教	11	102	167	1	0	10
273	丐帮总舵	10	95	120	门派-丐帮	10	95	120	1	0	10
274	光明殿	11	102	167	洛阳	0	235	322	1	0	10
275	光明殿	11	102	167	洛阳-九州商会	0	326	269	1	0	10
276	光明殿	11	102	167	苏州	1	204	256	1	0	10
277	光明殿	11	102	167	苏州-铁匠铺	1	335	225	1	0	10
278	光明殿	11	102	167	大理	2	253	121	1	0	10
279	光明殿	11	102	167	门派-星宿	16	99	150	1	0	10
280	光明殿	11	102	167	门派-逍遥	14	69	142	1	0	10
281	光明殿	11	102	167	门派-少林	9	11	93	1	0	10
282	光明殿	11	102	167	门派-天山	17	90	120	1	0	10
283	光明殿	11	102	167	门派-天龙	13	21	99	1	0	10
284	光明殿	11	102	167	门派-峨嵋	15	86	142	1	0	10
285	光明殿	11	102	167	门派-武当	12	101	136	1	0	10
286	光明殿	11	102	167	门派-明教	11	102	167	1	0	10
287	光明殿	11	102	167	门派-丐帮	10	95	120	1	0	10
288	武当山	12	101	136	洛阳	0	235	322	1	0	10
289	武当山	12	101	136	洛阳-九州商会	0	326	269	1	0	10
290	武当山	12	101	136	苏州	1	204	256	1	0	10
291	武当山	12	101	136	苏州-铁匠铺	1	335	225	1	0	10
292	武当山	12	101	136	大理	2	253	121	1	0	10
293	武当山	12	101	136	门派-星宿	16	99	150	1	0	10
294	武当山	12	101	136	门派-逍遥	14	69	142	1	0	10
295	武当山	12	101	136	门派-少林	9	11	93	1	0	10
296	武当山	12	101	136	门派-天山	17	90	120	1	0	10
297	武当山	12	101	136	门派-天龙	13	21	99	1	0	10
298	武当山	12	101	136	门派-峨嵋	15	86	142	1	0	10
299	武当山	12	101	136	门派-武当	12	101	136	1	0	10
300	武当山	12	101	136	门派-明教	11	102	167	1	0	10
301	武当山	12	101	136	门派-丐帮	10	95	120	1	0	10
302	天龙寺	13	99	120	洛阳	0	235	322	1	0	10
303	天龙寺	13	99	120	洛阳-九州商会	0	326	269	1	0	10
304	天龙寺	13	99	120	苏州	1	204	256	1	0	10
305	天龙寺	13	99	120	苏州-铁匠铺	1	335	225	1	0	10
306	天龙寺	13	99	120	大理	2	253	121	1	0	10
307	天龙寺	13	99	120	门派-星宿	16	99	150	1	0	10
308	天龙寺	13	99	120	门派-逍遥	14	69	142	1	0	10
309	天龙寺	13	99	120	门派-少林	9	11	93	1	0	10
310	天龙寺	13	99	120	门派-天山	17	90	120	1	0	10
311	天龙寺	13	99	120	门派-天龙	13	21	99	1	0	10
312	天龙寺	13	99	120	门派-峨嵋	15	86	142	1	0	10
313	天龙寺	13	99	120	门派-武当	12	101	136	1	0	10
314	天龙寺	13	99	120	门派-明教	11	102	167	1	0	10
315	天龙寺	13	99	120	门派-丐帮	10	95	120	1	0	10
316	凌波洞	14	69	142	洛阳	0	235	322	1	0	10
317	凌波洞	14	69	142	洛阳-九州商会	0	326	269	1	0	10
318	凌波洞	14	69	142	苏州	1	204	256	1	0	10
319	凌波洞	14	69	142	苏州-铁匠铺	1	335	225	1	0	10
320	凌波洞	14	69	142	大理	2	253	121	1	0	10
321	凌波洞	14	69	142	门派-星宿	16	99	150	1	0	10
322	凌波洞	14	69	142	门派-逍遥	14	69	142	1	0	10
323	凌波洞	14	69	142	门派-少林	9	11	93	1	0	10
324	凌波洞	14	69	142	门派-天山	17	90	120	1	0	10
325	凌波洞	14	69	142	门派-天龙	13	21	99	1	0	10
326	凌波洞	14	69	142	门派-峨嵋	15	86	142	1	0	10
327	凌波洞	14	69	142	门派-武当	12	101	136	1	0	10
328	凌波洞	14	69	142	门派-明教	11	102	167	1	0	10
329	凌波洞	14	69	142	门派-丐帮	10	95	120	1	0	10
330	峨嵋山	15	86	142	洛阳	0	235	322	1	0	10
331	峨嵋山	15	86	142	洛阳-九州商会	0	326	269	1	0	10
332	峨嵋山	15	86	142	苏州	1	204	256	1	0	10
333	峨嵋山	15	86	142	苏州-铁匠铺	1	335	225	1	0	10
334	峨嵋山	15	86	142	大理	2	253	121	1	0	10
335	峨嵋山	15	86	142	门派-星宿	16	99	150	1	0	10
336	峨嵋山	15	86	142	门派-逍遥	14	69	142	1	0	10
337	峨嵋山	15	86	142	门派-少林	9	11	93	1	0	10
338	峨嵋山	15	86	142	门派-天山	17	90	120	1	0	10
339	峨嵋山	15	86	142	门派-天龙	13	21	99	1	0	10
340	峨嵋山	15	86	142	门派-峨嵋	15	86	142	1	0	10
341	峨嵋山	15	86	142	门派-武当	12	101	136	1	0	10
342	峨嵋山	15	86	142	门派-明教	11	102	167	1	0	10
343	峨嵋山	15	86	142	门派-丐帮	10	95	120	1	0	10
344	星宿海	16	99	150	洛阳	0	235	322	1	0	10
345	星宿海	16	99	150	洛阳-九州商会	0	326	269	1	0	10
346	星宿海	16	99	150	苏州	1	204	256	1	0	10
347	星宿海	16	99	150	苏州-铁匠铺	1	335	225	1	0	10
348	星宿海	16	99	150	大理	2	253	121	1	0	10
349	星宿海	16	99	150	门派-星宿	16	99	150	1	0	10
350	星宿海	16	99	150	门派-逍遥	14	69	142	1	0	10
351	星宿海	16	99	150	门派-少林	9	11	93	1	0	10
352	星宿海	16	99	150	门派-天山	17	90	120	1	0	10
353	星宿海	16	99	150	门派-天龙	13	21	99	1	0	10
354	星宿海	16	99	150	门派-峨嵋	15	86	142	1	0	10
355	星宿海	16	99	150	门派-武当	12	101	136	1	0	10
356	星宿海	16	99	150	门派-明教	11	102	167	1	0	10
357	星宿海	16	99	150	门派-丐帮	10	95	120	1	0	10
358	天山	17	90	120	洛阳	0	235	322	1	0	10
359	天山	17	90	120	洛阳-九州商会	0	326	269	1	0	10
360	天山	17	90	120	苏州	1	204	256	1	0	10
361	天山	17	90	120	苏州-铁匠铺	1	335	225	1	0	10
362	天山	17	90	120	大理	2	253	121	1	0	10
363	天山	17	90	120	门派-星宿	16	99	150	1	0	10
364	天山	17	90	120	门派-逍遥	14	69	142	1	0	10
365	天山	17	90	120	门派-少林	9	11	93	1	0	10
366	天山	17	90	120	门派-天山	17	90	120	1	0	10
367	天山	17	90	120	门派-天龙	13	21	99	1	0	10
368	天山	17	90	120	门派-峨嵋	15	86	142	1	0	10
369	天山	17	90	120	门派-武当	12	101	136	1	0	10
370	天山	17	90	120	门派-明教	11	102	167	1	0	10
371	天山	17	90	120	门派-丐帮	10	95	120	1	0	10
372	苍山	25	164	55	束河古镇	260	25	288	1	0	20
373	玄武岛	112	82	30	洛阳	0	235	322	1	0	10
374	玄武岛	112	82	30	苏州	1	204	256	1	0	10
375	玄武岛	112	82	30	大理	2	253	121	1	0	10
376	楼兰	246	285	130	洛阳	0	235	322	1	0	10
377	楼兰	246	285	130	洛阳-九州商会	0	326	269	1	0	10
378	楼兰	246	285	130	苏州	1	204	256	1	0	10
379	楼兰	246	285	130	苏州-铁匠铺	1	335	225	1	0	10
380	楼兰	246	285	130	大理	2	253	121	1	0	10
381	楼兰	246	285	130	束河古镇	260	202	211	1	0	20
382	楼兰	246	285	130	门派-星宿	16	99	150	1	0	10
383	楼兰	246	285	130	门派-逍遥	14	69	142	1	0	10
384	楼兰	246	285	130	门派-少林	9	11	93	1	0	10
385	楼兰	246	285	130	门派-天山	17	90	120	1	0	10
386	楼兰	246	285	130	门派-天龙	13	21	99	1	0	10
387	楼兰	246	285	130	门派-峨嵋	15	86	142	1	0	10
388	楼兰	246	285	130	门派-武当	12	101	136	1	0	10
389	楼兰	246	285	130	门派-明教	11	102	167	1	0	10
390	楼兰	246	285	130	门派-丐帮	10	95	120	1	0	10
391	束河古镇	260	202	211	洛阳	0	235	322	1	0	20
392	束河古镇	260	202	211	洛阳-九州商会	0	326	269	1	0	20
393	束河古镇	260	202	211	苏州	1	204	256	1	0	20
394	束河古镇	260	202	211	苏州-铁匠铺	1	335	225	1	0	20
395	束河古镇	260	202	211	大理	2	253	121	1	0	20
396	束河古镇	260	202	211	楼兰	246	285	130	1	0	75
397	束河古镇	260	202	211	门派-星宿	16	99	150	1	0	10
398	束河古镇	260	202	211	门派-逍遥	14	69	142	1	0	10
399	束河古镇	260	202	211	门派-少林	9	11	93	1	0	10
400	束河古镇	260	202	211	门派-天山	17	90	120	1	0	10
401	束河古镇	260	202	211	门派-天龙	13	21	99	1	0	10
402	束河古镇	260	202	211	门派-峨嵋	15	86	142	1	0	10
403	束河古镇	260	202	211	门派-武当	12	101	136	1	0	10
404	束河古镇	260	202	211	门派-明教	11	102	167	1	0	10
405	束河古镇	260	202	211	门派-丐帮	10	95	120	1	0	10
406	洛阳第一休息室	238	32	12	洛阳	0	366	228	1	0	10
407	洛阳第二休息室	239	32	12	洛阳	0	366	228	1	0	10
408	大理休息室	240	32	12	大理	2	287	138	1	0	10
409	苏州休息室	241	32	12	苏州	1	267	243	1	0	10
410	钱庄	224	64	61	洛阳	0	235	322	1	0	10
411	洛阳	0	182	155	玄武岛	112	109	25	1	0	10
412	苏州	1	87	144	玄武岛	112	109	25	1	0	10
413	少林寺	9	93	132	玄武岛	112	109	25	1	0	10
414	丐帮总舵	10	95	120	玄武岛	112	109	25	1	0	10
415	光明殿	11	102	167	玄武岛	112	109	25	1	0	10
416	武当山	12	101	136	玄武岛	112	109	25	1	0	10
417	天龙寺	13	99	120	玄武岛	112	109	25	1	0	10
418	凌波洞	14	69	142	玄武岛	112	109	25	1	0	10
419	峨嵋山	15	86	142	玄武岛	112	109	25	1	0	10
420	星宿海	16	99	150	玄武岛	112	109	25	1	0	10
421	天山	17	90	120	玄武岛	112	109	25	1	0	10
422	玄武岛	112	82	30	洛阳	0	276	292	1	0	10
423	玄武岛	112	82	30	苏州	1	177	240	1	0	10
424	玄武岛	112	82	30	大理	2	253	125	1	0	10
425	苏州	1	178	129	寒玉谷	243	50	50	1	0	0
426	寒玉谷	243	26	26	苏州	1	271	225	1	0	0
427	洛阳	0	269	88	洛阳第一休息室	238	32	12	1	0	0
428	洛阳	0	269	88	洛阳第二休息室	239	32	12	1	0	0
429	大理	2	274	95	大理休息室	240	32	12	1	0	0
430	苏州	1	174	147	苏州休息室	241	32	12	1	0	0
431	少林寺	9	93	132	束河古镇	260	202	211	1	0	20
432	丐帮总舵	10	95	120	束河古镇	260	202	211	1	0	20
433	光明殿	11	102	167	束河古镇	260	202	211	1	0	20
434	武当山	12	101	136	束河古镇	260	202	211	1	0	20
435	天龙寺	13	99	120	束河古镇	260	202	211	1	0	20
436	凌波洞	14	69	142	束河古镇	260	202	211	1	0	20
437	峨嵋山	15	86	142	束河古镇	260	202	211	1	0	20
438	星宿海	16	99	150	束河古镇	260	202	211	1	0	20
439	天山	17	90	120	束河古镇	260	202	211	1	0	20
440	少林寺	9	93	132	楼兰	246	285	130	1	0	75
441	丐帮总舵	10	95	120	楼兰	246	285	130	1	0	75
442	光明殿	11	102	167	楼兰	246	285	130	1	0	75
443	武当山	12	101	136	楼兰	246	285	130	1	0	75
444	天龙寺	13	99	120	楼兰	246	285	130	1	0	75
445	凌波洞	14	69	142	楼兰	246	285	130	1	0	75
446	峨嵋山	15	86	142	楼兰	246	285	130	1	0	75
447	星宿海	16	99	150	楼兰	246	285	130	1	0	75
448	天山	17	90	120	楼兰	246	285	130	1	0	75
449	玄武岛	112	82	30	门派-星宿	16	99	150	1	0	10
450	玄武岛	112	82	30	门派-逍遥	14	69	142	1	0	10
451	玄武岛	112	82	30	门派-少林	9	11	93	1	0	10
452	玄武岛	112	82	30	门派-天山	17	90	120	1	0	10
453	玄武岛	112	82	30	门派-天龙	13	21	99	1	0	10
454	玄武岛	112	82	30	门派-峨嵋	15	86	142	1	0	10
455	玄武岛	112	82	30	门派-武当	12	101	136	1	0	10
456	玄武岛	112	82	30	门派-明教	11	102	167	1	0	10
457	玄武岛	112	82	30	门派-丐帮	10	95	120	1	0	10
458	束河古镇	260	25	288	苍山	25	164	55	1	0	20
459	大理	2	255	126	后花园	123	100	97	1	0	7
460	洛阳	242	33	129	敦煌	8	284	146	0	1	0
461	洛阳	242	159	288	嵩山	3	34	55	0	1	0
462	洛阳	242	289	127	雁南	18	264	286	0	1	0
463	洛阳	242	230	129	苏州	1	204	256	1	0	10
464	洛阳	242	230	129	苏州-铁匠铺	1	335	225	1	0	10
465	洛阳	242	230	129	大理	2	253	121	1	0	10
466	洛阳	242	230	129	楼兰	246	285	130	1	0	75
467	洛阳	242	230	129	束河古镇	260	202	211	1	0	20
468	洛阳	242	230	129	门派-星宿	16	99	150	1	0	10
469	洛阳	242	230	129	门派-逍遥	14	69	142	1	0	10
470	洛阳	242	230	129	门派-少林	9	11	93	1	0	10
471	洛阳	242	230	129	门派-天山	17	90	120	1	0	10
472	洛阳	242	230	129	门派-天龙	13	21	99	1	0	10
473	洛阳	242	230	129	门派-峨嵋	15	86	142	1	0	10
474	洛阳	242	230	129	门派-武当	12	101	136	1	0	10
475	洛阳	242	230	129	门派-明教	11	102	167	1	0	10
476	洛阳	242	230	129	门派-丐帮	10	95	120	1	0	10
477	洛阳	242	139	182	苏州	1	204	256	1	0	10
478	洛阳	242	139	182	苏州-铁匠铺	1	335	225	1	0	10
479	洛阳	242	139	182	大理	2	253	121	1	0	10
480	洛阳	242	139	182	楼兰	246	285	130	1	0	75
481	洛阳	242	139	182	束河古镇	260	202	211	1	0	20
482	洛阳	242	139	182	门派-星宿	16	99	150	1	0	10
483	洛阳	242	139	182	门派-逍遥	14	69	142	1	0	10
484	洛阳	242	139	182	门派-少林	9	11	93	1	0	10
485	洛阳	242	139	182	门派-天山	17	90	120	1	0	10
486	洛阳	242	139	182	门派-天龙	13	21	99	1	0	10
487	洛阳	242	139	182	门派-峨嵋	15	86	142	1	0	10
488	洛阳	242	139	182	门派-武当	12	101	136	1	0	10
489	洛阳	242	139	182	门派-明教	11	102	167	1	0	10
490	洛阳	242	139	182	门派-丐帮	10	95	120	1	0	10
491	嵩山	3	34	55	洛阳	242	256	465	0	0	0
492	敦煌	8	284	146	洛阳	242	85	257	0	0	0
493	雁南	18	264	286	洛阳	242	446	259	0	0	0
494	苏州	1	239	128	洛阳	242	235	322	1	0	10
495	苏州	1	239	128	洛阳-九州商会	242	326	269	1	0	10
496	苏州	1	111	160	洛阳	242	235	322	1	0	10
497	苏州	1	111	160	洛阳-九州商会	242	326	269	1	0	10
498	大理	2	241	136	洛阳	242	235	322	1	0	10
499	大理	2	241	136	洛阳-九州商会	242	326	269	1	0	10
500	少林寺	9	93	132	洛阳	242	235	322	1	0	10
501	少林寺	9	93	132	洛阳-九州商会	242	326	269	1	0	10
502	丐帮总舵	10	95	120	洛阳	242	235	322	1	0	10
503	丐帮总舵	10	95	120	洛阳-九州商会	242	326	269	1	0	10
504	光明殿	11	102	167	洛阳	242	235	322	1	0	10
505	光明殿	11	102	167	洛阳-九州商会	242	326	269	1	0	10
506	武当山	12	101	136	洛阳	242	235	322	1	0	10
507	武当山	12	101	136	洛阳-九州商会	242	326	269	1	0	10
508	天龙寺	13	99	120	洛阳	242	235	322	1	0	10
509	天龙寺	13	99	120	洛阳-九州商会	242	326	269	1	0	10
510	凌波洞	14	69	142	洛阳	242	235	322	1	0	10
511	凌波洞	14	69	142	洛阳-九州商会	242	326	269	1	0	10
512	峨嵋山	15	86	142	洛阳	242	235	322	1	0	10
513	峨嵋山	15	86	142	洛阳-九州商会	242	326	269	1	0	10
514	星宿海	16	99	150	洛阳	242	235	322	1	0	10
515	星宿海	16	99	150	洛阳-九州商会	242	326	269	1	0	10
516	天山	17	90	120	洛阳	242	235	322	1	0	10
517	天山	17	90	120	洛阳-九州商会	242	326	269	1	0	10
518	玄武岛	112	82	30	洛阳	242	235	322	1	0	10
519	楼兰	246	285	130	洛阳	242	235	322	1	0	10
520	楼兰	246	285	130	洛阳-九州商会	242	326	269	1	0	10
521	束河古镇	260	202	211	洛阳	242	235	322	1	0	20
522	束河古镇	260	202	211	洛阳-九州商会	242	326	269	1	0	20
523	洛阳第一休息室	238	32	12	洛阳	242	366	228	1	0	10
524	洛阳第二休息室	239	32	12	洛阳	242	366	228	1	0	10
525	钱庄	224	64	61	洛阳	242	235	322	1	0	10
526	玄武岛	112	82	30	洛阳	242	276	292	1	0	10
527	洛阳	0	205	172	钱庄	224	65	62	1	0	10
528	洛阳	242	205	172	钱庄	224	65	62	1	0	10
529	洛阳	242	182	155	玄武岛	112	109	25	1	0	10
530	洛阳	242	182	155	圣兽山	201	233	225	1	1	21
531	洛阳	0	182	155	圣兽山	201	233	225	1	1	21
532	后花园	123	100	105	大理	2	274	128	0	0	0
533	小木人巷	122	82	80	大理	2	160	153	0	0	0
534	大理	2	160	156	小木人巷	122	82	76	1	0	9
535	大理	2	163	136	门派-星宿	16	99	150	1	0	10
536	大理	2	163	129	门派-逍遥	14	69	142	1	0	10
537	大理	2	156	132	门派-少林	9	11	93	1	0	10
538	大理	2	163	139	门派-天山	17	90	120	1	0	10
539	大理	2	163	132	门派-天龙	13	21	99	1	0	10
540	大理	2	156	139	门派-峨嵋	15	86	142	1	0	10
541	大理	2	156	129	门派-武当	12	101	136	1	0	10
542	大理	2	163	143	门派-明教	11	102	167	1	0	10
543	大理	2	156	136	门派-丐帮	10	95	120	1	0	10
544	玄武岛	112	139	206	玄武岛反	579	44	120	0	0	65
545	玄武岛反	579	102	35	玄武岛	112	134	202	0	0	10
546	玄武岛	112	107	87	玄武岛裂隙	578	243	147	1	0	40
547	玄武岛裂隙	578	153	87	玄武岛	112	106	88	0	0	10
548	曼陀山庄	592	145	196	太湖	4	39	200	0	1	10
549	太湖	4	29	200	曼陀山庄	592	136	180	0	0	10
550	洛阳	0	230	129	曼陀山庄	592	139	162	1	0	10
551	洛阳	0	139	182	曼陀山庄	592	139	162	1	0	10
552	苏州	1	239	128	曼陀山庄	592	139	162	1	0	10
553	大理	2	241	136	曼陀山庄	592	139	162	1	0	10
554	少林寺	9	93	132	曼陀山庄	592	139	162	1	0	10
555	丐帮总舵	10	95	120	曼陀山庄	592	139	162	1	0	10
556	光明殿	11	102	167	曼陀山庄	592	139	162	1	0	10
557	武当山	12	101	136	曼陀山庄	592	139	162	1	0	10
558	天龙寺	13	99	120	曼陀山庄	592	139	162	1	0	10
559	凌波洞	14	69	142	曼陀山庄	592	139	162	1	0	10
560	峨嵋山	15	86	142	曼陀山庄	592	139	162	1	0	10
561	星宿海	16	99	150	曼陀山庄	592	139	162	1	0	10
562	天山	17	90	120	曼陀山庄	592	139	162	1	0	10
563	楼兰	246	285	130	曼陀山庄	592	139	162	1	0	10
564	束河古镇	260	202	211	曼陀山庄	592	139	162	1	0	10
565	玄武岛	112	82	30	曼陀山庄	592	139	162	1	0	10
566	洛阳	242	230	129	曼陀山庄	592	139	162	1	0	10
567	大理	2	156	143	曼陀山庄	592	139	162	1	0	10
568	曼陀山庄	592	145	196	洛阳	0	235	322	1	0	10
569	曼陀山庄	592	145	196	洛阳-九州商会	0	326	269	1	0	10
570	曼陀山庄	592	145	196	苏州	1	204	256	1	0	10
571	曼陀山庄	592	145	196	苏州-铁匠铺	1	335	225	1	0	10
572	曼陀山庄	592	145	196	大理	2	253	121	1	0	10
573	曼陀山庄	592	145	196	门派-星宿	16	99	150	1	0	10
574	曼陀山庄	592	145	196	门派-逍遥	14	69	142	1	0	10
575	曼陀山庄	592	145	196	门派-少林	9	11	93	1	0	10
576	曼陀山庄	592	145	196	门派-天山	17	90	120	1	0	10
577	曼陀山庄	592	145	196	门派-天龙	13	21	99	1	0	10
578	曼陀山庄	592	145	196	门派-峨嵋	15	86	142	1	0	10
579	曼陀山庄	592	145	196	门派-武当	12	101	136	1	0	10
580	曼陀山庄	592	145	196	门派-明教	11	102	167	1	0	10
581	曼陀山庄	592	145	196	门派-丐帮	10	95	120	1	0	10
582	曼陀山庄	592	145	196	玄武岛	112	109	25	1	0	10
583	曼陀山庄	592	145	196	束河古镇	260	202	211	1	0	20
584	曼陀山庄	592	145	196	洛阳	242	235	322	1	0	10
585	曼陀山庄	592	145	196	洛阳-九州商会	242	326	269	1	0	10
586	曼陀山庄	592	145	196	楼兰	246	285	130	1	0	75
587	雁南正南	100000	99	54	大理	2	181	120	1	0	0
588	雁北正西	100001	99	54	大理	2	181	120	1	0	0
589	西湖正西	100002	99	54	大理	2	181	120	1	0	0
590	龙泉正北	100003	99	54	大理	2	181	120	1	0	0
591	苍山正西	100004	99	54	大理	2	181	120	1	0	0
592	洱海正西	100005	99	54	大理	2	181	120	1	0	0
593	草原正西	100006	99	54	大理	2	181	120	1	0	0
594	辽西西北	100007	99	54	大理	2	181	120	1	0	0
595	武夷正西	100008	99	54	大理	2	181	120	1	0	0
596	梅岭西北	100009	99	54	大理	2	181	120	1	0	0
597	石林正南	100010	99	54	大理	2	181	120	1	0	0
598	玉溪西南	100011	99	54	大理	2	181	120	1	0	0
599	长白山西北	100012	99	54	大理	2	181	120	1	0	0
600	黄龙府西北	100013	99	54	大理	2	181	120	1	0	0
601	南海正北	100014	99	54	大理	2	181	120	1	0	0
602	琼州正西	100015	99	54	大理	2	181	120	1	0	0
603	南诏西南	100016	99	54	大理	2	181	120	1	0	0
604	苗疆正东	100017	99	54	大理	2	181	120	1	0	0
605	雁南正南	100018	99	54	大理	2	181	120	1	0	0
606	雁北正西	100019	99	54	大理	2	181	120	1	0	0
607	西湖正西	100020	99	54	大理	2	181	120	1	0	0
608	龙泉正北	100021	99	54	大理	2	181	120	1	0	0
609	苍山正西	100022	99	54	大理	2	181	120	1	0	0
610	洱海正西	100023	99	54	大理	2	181	120	1	0	0
611	草原正西	100024	99	54	大理	2	181	120	1	0	0
612	辽西西北	100025	99	54	大理	2	181	120	1	0	0
613	武夷正西	100026	99	54	大理	2	181	120	1	0	0
614	梅岭西北	100027	99	54	大理	2	181	120	1	0	0
615	石林正南	100028	99	54	大理	2	181	120	1	0	0
616	玉溪西南	100029	99	54	大理	2	181	120	1	0	0
617	长白山西北	100030	99	54	大理	2	181	120	1	0	0
618	黄龙府西北	100031	99	54	大理	2	181	120	1	0	0
619	南海正北	100032	99	54	大理	2	181	120	1	0	0
620	琼州正西	100033	99	54	大理	2	181	120	1	0	0
621	南诏西南	100034	99	54	大理	2	181	120	1	0	0
622	苗疆正东	100035	99	54	大理	2	181	120	1	0	0
623	雁南正南	100036	99	54	大理	2	181	120	1	0	0
624	雁北正西	100037	99	54	大理	2	181	120	1	0	0
625	西湖正西	100038	99	54	大理	2	181	120	1	0	0
626	龙泉正北	100039	99	54	大理	2	181	120	1	0	0
627	苍山正西	100040	99	54	大理	2	181	120	1	0	0
628	洱海正西	100041	99	54	大理	2	181	120	1	0	0
629	草原正西	100042	99	54	大理	2	181	120	1	0	0
630	辽西西北	100043	99	54	大理	2	181	120	1	0	0
631	武夷正西	100044	99	54	大理	2	181	120	1	0	0
632	梅岭西北	100045	99	54	大理	2	181	120	1	0	0
633	石林正南	100046	99	54	大理	2	181	120	1	0	0
634	玉溪西南	100047	99	54	大理	2	181	120	1	0	0
635	长白山西北	100048	99	54	大理	2	181	120	1	0	0
636	黄龙府西北	100049	99	54	大理	2	181	120	1	0	0
637	南海正北	100050	99	54	大理	2	181	120	1	0	0
638	琼州正西	100051	99	54	大理	2	181	120	1	0	0
639	南诏西南	100052	99	54	大理	2	181	120	1	0	0
640	苗疆正东	100053	99	54	大理	2	181	120	1	0	0
641	雁南正南	100000	99	54	洛阳	0	144	98	1	0	0
642	雁北正西	100001	99	54	洛阳	0	144	98	1	0	0
643	西湖正西	100002	99	54	洛阳	0	144	98	1	0	0
644	龙泉正北	100003	99	54	洛阳	0	144	98	1	0	0
645	苍山正西	100004	99	54	洛阳	0	144	98	1	0	0
646	洱海正西	100005	99	54	洛阳	0	144	98	1	0	0
647	草原正西	100006	99	54	洛阳	0	144	98	1	0	0
648	辽西西北	100007	99	54	洛阳	0	144	98	1	0	0
649	武夷正西	100008	99	54	洛阳	0	144	98	1	0	0
650	梅岭西北	100009	99	54	洛阳	0	144	98	1	0	0
651	石林正南	100010	99	54	洛阳	0	144	98	1	0	0
652	玉溪西南	100011	99	54	洛阳	0	144	98	1	0	0
653	长白山西北	100012	99	54	洛阳	0	144	98	1	0	0
654	黄龙府西北	100013	99	54	洛阳	0	144	98	1	0	0
655	南海正北	100014	99	54	洛阳	0	144	98	1	0	0
656	琼州正西	100015	99	54	洛阳	0	144	98	1	0	0
657	南诏西南	100016	99	54	洛阳	0	144	98	1	0	0
658	苗疆正东	100017	99	54	洛阳	0	144	98	1	0	0
659	雁南正南	100018	99	54	洛阳	0	144	98	1	0	0
660	雁北正西	100019	99	54	洛阳	0	144	98	1	0	0
661	西湖正西	100020	99	54	洛阳	0	144	98	1	0	0
662	龙泉正北	100021	99	54	洛阳	0	144	98	1	0	0
663	苍山正西	100022	99	54	洛阳	0	144	98	1	0	0
664	洱海正西	100023	99	54	洛阳	0	144	98	1	0	0
665	草原正西	100024	99	54	洛阳	0	144	98	1	0	0
666	辽西西北	100025	99	54	洛阳	0	144	98	1	0	0
667	武夷正西	100026	99	54	洛阳	0	144	98	1	0	0
668	梅岭西北	100027	99	54	洛阳	0	144	98	1	0	0
669	石林正南	100028	99	54	洛阳	0	144	98	1	0	0
670	玉溪西南	100029	99	54	洛阳	0	144	98	1	0	0
671	长白山西北	100030	99	54	洛阳	0	144	98	1	0	0
672	黄龙府西北	100031	99	54	洛阳	0	144	98	1	0	0
673	南海正北	100032	99	54	洛阳	0	144	98	1	0	0
674	琼州正西	100033	99	54	洛阳	0	144	98	1	0	0
675	南诏西南	100034	99	54	洛阳	0	144	98	1	0	0
676	苗疆正东	100035	99	54	洛阳	0	144	98	1	0	0
677	雁南正南	100036	99	54	洛阳	0	144	98	1	0	0
678	雁北正西	100037	99	54	洛阳	0	144	98	1	0	0
679	西湖正西	100038	99	54	洛阳	0	144	98	1	0	0
680	龙泉正北	100039	99	54	洛阳	0	144	98	1	0	0
681	苍山正西	100040	99	54	洛阳	0	144	98	1	0	0
682	洱海正西	100041	99	54	洛阳	0	144	98	1	0	0
683	草原正西	100042	99	54	洛阳	0	144	98	1	0	0
684	辽西西北	100043	99	54	洛阳	0	144	98	1	0	0
685	武夷正西	100044	99	54	洛阳	0	144	98	1	0	0
686	梅岭西北	100045	99	54	洛阳	0	144	98	1	0	0
687	石林正南	100046	99	54	洛阳	0	144	98	1	0	0
688	玉溪西南	100047	99	54	洛阳	0	144	98	1	0	0
689	长白山西北	100048	99	54	洛阳	0	144	98	1	0	0
690	黄龙府西北	100049	99	54	洛阳	0	144	98	1	0	0
691	南海正北	100050	99	54	洛阳	0	144	98	1	0	0
692	琼州正西	100051	99	54	洛阳	0	144	98	1	0	0
693	南诏西南	100052	99	54	洛阳	0	144	98	1	0	0
694	苗疆正东	100053	99	54	洛阳	0	144	98	1	0	0
695	雁南正南	100000	99	54	苏州	1	224	185	1	0	0
696	雁北正西	100001	99	54	苏州	1	224	185	1	0	0
697	西湖正西	100002	99	54	苏州	1	224	185	1	0	0
698	龙泉正北	100003	99	54	苏州	1	224	185	1	0	0
699	苍山正西	100004	99	54	苏州	1	224	185	1	0	0
700	洱海正西	100005	99	54	苏州	1	224	185	1	0	0
701	草原正西	100006	99	54	苏州	1	224	185	1	0	0
702	辽西西北	100007	99	54	苏州	1	224	185	1	0	0
703	武夷正西	100008	99	54	苏州	1	224	185	1	0	0
704	梅岭西北	100009	99	54	苏州	1	224	185	1	0	0
705	石林正南	100010	99	54	苏州	1	224	185	1	0	0
706	玉溪西南	100011	99	54	苏州	1	224	185	1	0	0
707	长白山西北	100012	99	54	苏州	1	224	185	1	0	0
708	黄龙府西北	100013	99	54	苏州	1	224	185	1	0	0
709	南海正北	100014	99	54	苏州	1	224	185	1	0	0
710	琼州正西	100015	99	54	苏州	1	224	185	1	0	0
711	南诏西南	100016	99	54	苏州	1	224	185	1	0	0
712	苗疆正东	100017	99	54	苏州	1	224	185	1	0	0
713	雁南正南	100018	99	54	苏州	1	224	185	1	0	0
714	雁北正西	100019	99	54	苏州	1	224	185	1	0	0
715	西湖正西	100020	99	54	苏州	1	224	185	1	0	0
716	龙泉正北	100021	99	54	苏州	1	224	185	1	0	0
717	苍山正西	100022	99	54	苏州	1	224	185	1	0	0
718	洱海正西	100023	99	54	苏州	1	224	185	1	0	0
719	草原正西	100024	99	54	苏州	1	224	185	1	0	0
720	辽西西北	100025	99	54	苏州	1	224	185	1	0	0
721	武夷正西	100026	99	54	苏州	1	224	185	1	0	0
722	梅岭西北	100027	99	54	苏州	1	224	185	1	0	0
723	石林正南	100028	99	54	苏州	1	224	185	1	0	0
724	玉溪西南	100029	99	54	苏州	1	224	185	1	0	0
725	长白山西北	100030	99	54	苏州	1	224	185	1	0	0
726	黄龙府西北	100031	99	54	苏州	1	224	185	1	0	0
727	南海正北	100032	99	54	苏州	1	224	185	1	0	0
728	琼州正西	100033	99	54	苏州	1	224	185	1	0	0
729	南诏西南	100034	99	54	苏州	1	224	185	1	0	0
730	苗疆正东	100035	99	54	苏州	1	224	185	1	0	0
731	雁南正南	100036	99	54	苏州	1	224	185	1	0	0
732	雁北正西	100037	99	54	苏州	1	224	185	1	0	0
733	西湖正西	100038	99	54	苏州	1	224	185	1	0	0
734	龙泉正北	100039	99	54	苏州	1	224	185	1	0	0
735	苍山正西	100040	99	54	苏州	1	224	185	1	0	0
736	洱海正西	100041	99	54	苏州	1	224	185	1	0	0
737	草原正西	100042	99	54	苏州	1	224	185	1	0	0
738	辽西西北	100043	99	54	苏州	1	224	185	1	0	0
739	武夷正西	100044	99	54	苏州	1	224	185	1	0	0
740	梅岭西北	100045	99	54	苏州	1	224	185	1	0	0
741	石林正南	100046	99	54	苏州	1	224	185	1	0	0
742	玉溪西南	100047	99	54	苏州	1	224	185	1	0	0
743	长白山西北	100048	99	54	苏州	1	224	185	1	0	0
744	黄龙府西北	100049	99	54	苏州	1	224	185	1	0	0
745	南海正北	100050	99	54	苏州	1	224	185	1	0	0
746	琼州正西	100051	99	54	苏州	1	224	185	1	0	0
747	南诏西南	100052	99	54	苏州	1	224	185	1	0	0
748	苗疆正东	100053	99	54	苏州	1	224	185	1	0	0
749	雁南正南	100000	99	54	楼兰	246	188	130	1	0	75
750	雁北正西	100001	99	54	楼兰	246	188	130	1	0	75
751	西湖正西	100002	99	54	楼兰	246	188	130	1	0	75
752	龙泉正北	100003	99	54	楼兰	246	188	130	1	0	75
753	苍山正西	100004	99	54	楼兰	246	188	130	1	0	75
754	洱海正西	100005	99	54	楼兰	246	188	130	1	0	75
755	草原正西	100006	99	54	楼兰	246	188	130	1	0	75
756	辽西西北	100007	99	54	楼兰	246	188	130	1	0	75
757	武夷正西	100008	99	54	楼兰	246	188	130	1	0	75
758	梅岭西北	100009	99	54	楼兰	246	188	130	1	0	75
759	石林正南	100010	99	54	楼兰	246	188	130	1	0	75
760	玉溪西南	100011	99	54	楼兰	246	188	130	1	0	75
761	长白山西北	100012	99	54	楼兰	246	188	130	1	0	75
762	黄龙府西北	100013	99	54	楼兰	246	188	130	1	0	75
763	南海正北	100014	99	54	楼兰	246	188	130	1	0	75
764	琼州正西	100015	99	54	楼兰	246	188	130	1	0	75
765	南诏西南	100016	99	54	楼兰	246	188	130	1	0	75
766	苗疆正东	100017	99	54	楼兰	246	188	130	1	0	75
767	雁南正南	100018	99	54	楼兰	246	188	130	1	0	75
768	雁北正西	100019	99	54	楼兰	246	188	130	1	0	75
769	西湖正西	100020	99	54	楼兰	246	188	130	1	0	75
770	龙泉正北	100021	99	54	楼兰	246	188	130	1	0	75
771	苍山正西	100022	99	54	楼兰	246	188	130	1	0	75
772	洱海正西	100023	99	54	楼兰	246	188	130	1	0	75
773	草原正西	100024	99	54	楼兰	246	188	130	1	0	75
774	辽西西北	100025	99	54	楼兰	246	188	130	1	0	75
775	武夷正西	100026	99	54	楼兰	246	188	130	1	0	75
776	梅岭西北	100027	99	54	楼兰	246	188	130	1	0	75
777	石林正南	100028	99	54	楼兰	246	188	130	1	0	75
778	玉溪西南	100029	99	54	楼兰	246	188	130	1	0	75
779	长白山西北	100030	99	54	楼兰	246	188	130	1	0	75
780	黄龙府西北	100031	99	54	楼兰	246	188	130	1	0	75
781	南海正北	100032	99	54	楼兰	246	188	130	1	0	75
782	琼州正西	100033	99	54	楼兰	246	188	130	1	0	75
783	南诏西南	100034	99	54	楼兰	246	188	130	1	0	75
784	苗疆正东	100035	99	54	楼兰	246	188	130	1	0	75
785	雁南正南	100036	99	54	楼兰	246	188	130	1	0	75
786	雁北正西	100037	99	54	楼兰	246	188	130	1	0	75
787	西湖正西	100038	99	54	楼兰	246	188	130	1	0	75
788	龙泉正北	100039	99	54	楼兰	246	188	130	1	0	75
789	苍山正西	100040	99	54	楼兰	246	188	130	1	0	75
790	洱海正西	100041	99	54	楼兰	246	188	130	1	0	75
791	草原正西	100042	99	54	楼兰	246	188	130	1	0	75
792	辽西西北	100043	99	54	楼兰	246	188	130	1	0	75
793	武夷正西	100044	99	54	楼兰	246	188	130	1	0	75
794	梅岭西北	100045	99	54	楼兰	246	188	130	1	0	75
795	石林正南	100046	99	54	楼兰	246	188	130	1	0	75
796	玉溪西南	100047	99	54	楼兰	246	188	130	1	0	75
797	长白山西北	100048	99	54	楼兰	246	188	130	1	0	75
798	黄龙府西北	100049	99	54	楼兰	246	188	130	1	0	75
799	南海正北	100050	99	54	楼兰	246	188	130	1	0	75
800	琼州正西	100051	99	54	楼兰	246	188	130	1	0	75
801	南诏西南	100052	99	54	楼兰	246	188	130	1	0	75
802	苗疆正东	100053	99	54	楼兰	246	188	130	1	0	75
803	雁南正南	100000	99	158	雁南	18	72	282	0	1	0
804	雁北正西	100001	99	158	雁北	19	32	127	0	1	0
805	西湖正西	100002	99	158	西湖	30	39	139	0	1	0
806	龙泉正北	100003	99	158	龙泉	31	63	33	0	1	0
807	苍山正西	100004	99	158	苍山	25	37	172	0	1	0
808	洱海正西	100005	99	158	洱海	24	34	100	0	1	0
809	草原正西	100006	99	158	草原	20	66	202	0	1	0
810	辽西西北	100007	99	158	辽西	21	75	35	0	1	0
811	武夷正西	100008	99	158	武夷	32	92	171	0	1	0
812	梅岭西北	100009	99	158	梅岭	33	31	90	0	1	0
813	石林正南	100010	99	158	石林	26	278	281	0	1	0
814	玉溪西南	100011	99	158	玉溪	27	33	251	0	1	0
815	长白山西北	100012	99	158	长白山	22	39	63	0	1	0
816	黄龙府西北	100013	99	158	黄龙府	23	28	54	0	1	0
817	南海正北	100014	99	158	南海	34	134	40	0	1	0
818	琼州正西	100015	99	158	琼州	35	80	139	0	1	0
819	南诏西南	100016	99	158	南诏	28	39	254	0	1	0
820	苗疆正东	100017	99	158	苗疆	29	281	160	0	1	0
821	雁南正南	100018	99	158	雁南	18	102	38	0	1	0
822	雁北正西	100019	99	158	雁北	19	116	29	0	1	0
823	西湖正西	100020	99	158	西湖	30	45	267	0	1	0
824	龙泉正北	100021	99	158	龙泉	31	35	121	0	1	0
825	苍山正西	100022	99	158	苍山	25	146	284	0	1	0
826	洱海正西	100023	99	158	洱海	24	173	283	0	1	0
827	草原正西	100024	99	158	草原	20	97	281	0	1	0
828	辽西西北	100025	99	158	辽西	21	40	142	0	1	0
829	武夷正西	100026	99	158	武夷	32	113	280	0	1	0
830	梅岭西北	100027	99	158	梅岭	33	283	236	0	1	0
831	石林正南	100028	99	158	石林	26	227	37	0	1	0
832	玉溪西南	100029	99	158	玉溪	27	196	280	0	1	0
833	长白山西北	100030	99	158	长白山	22	280	154	0	1	0
834	黄龙府西北	100031	99	158	黄龙府	23	290	115	0	1	0
835	南海正北	100032	99	158	南海	34	293	58	0	1	0
836	琼州正西	100033	99	158	琼州	35	273	52	0	1	0
837	南诏西南	100034	99	158	南诏	28	95	40	0	1	0
838	苗疆正东	100035	99	158	苗疆	29	37	251	0	1	0
839	雁南正南	100036	99	158	雁南	18	281	113	0	1	0
840	雁北正西	100037	99	158	雁北	19	234	24	0	1	0
841	西湖正西	100038	99	158	西湖	30	261	231	0	1	0
842	龙泉正北	100039	99	158	龙泉	31	218	282	0	1	0
843	苍山正西	100040	99	158	苍山	25	294	153	0	1	0
844	洱海正西	100041	99	158	洱海	24	285	166	0	1	0
845	草原正西	100042	99	158	草原	20	271	194	0	1	0
846	辽西西北	100043	99	158	辽西	21	277	258	0	1	0
847	武夷正西	100044	99	158	武夷	32	255	38	0	1	0
848	梅岭西北	100045	99	158	梅岭	33	269	37	0	1	0
849	石林正南	100046	99	158	石林	26	44	178	0	1	0
850	玉溪西南	100047	99	158	玉溪	27	178	37	0	1	0
851	长白山西北	100048	99	158	长白山	22	216	282	0	1	0
852	黄龙府西北	100049	99	158	黄龙府	23	253	285	0	1	0
853	南海正北	100050	99	158	南海	34	107	228	0	1	0
854	琼州正西	100051	99	158	琼州	35	243	150	0	1	0
855	南诏西南	100052	99	158	南诏	28	273	241	0	1	0
856	苗疆正东	100053	99	158	苗疆	29	250	45	0	1	0
857	大理	2	182	118	雁南正南	100000	99	149	1	0	0
858	大理	2	182	118	雁北正西	100001	99	149	1	0	0
859	大理	2	182	118	西湖正西	100002	99	149	1	0	0
860	大理	2	182	118	龙泉正北	100003	99	149	1	0	0
861	大理	2	182	118	苍山正西	100004	99	149	1	0	0
862	大理	2	182	118	洱海正西	100005	99	149	1	0	0
863	大理	2	182	118	草原正西	100006	99	149	1	0	0
864	大理	2	182	118	辽西西北	100007	99	149	1	0	0
865	大理	2	182	118	武夷正西	100008	99	149	1	0	0
866	大理	2	182	118	梅岭西北	100009	99	149	1	0	0
867	大理	2	182	118	石林正南	100010	99	149	1	0	0
868	大理	2	182	118	玉溪西南	100011	99	149	1	0	0
869	大理	2	182	118	长白山西北	100012	99	149	1	0	0
870	大理	2	182	118	黄龙府西北	100013	99	149	1	0	0
871	大理	2	182	118	南海正北	100014	99	149	1	0	0
872	大理	2	182	118	琼州正西	100015	99	149	1	0	0
873	大理	2	182	118	南诏西南	100016	99	149	1	0	0
874	大理	2	182	118	苗疆正东	100017	99	149	1	0	0
875	大理	2	182	118	雁南正南	100018	99	149	1	0	0
876	大理	2	182	118	雁北正西	100019	99	149	1	0	0
877	大理	2	182	118	西湖正西	100020	99	149	1	0	0
878	大理	2	182	118	龙泉正北	100021	99	149	1	0	0
879	大理	2	182	118	苍山正西	100022	99	149	1	0	0
880	大理	2	182	118	洱海正西	100023	99	149	1	0	0
881	大理	2	182	118	草原正西	100024	99	149	1	0	0
882	大理	2	182	118	辽西西北	100025	99	149	1	0	0
883	大理	2	182	118	武夷正西	100026	99	149	1	0	0
884	大理	2	182	118	梅岭西北	100027	99	149	1	0	0
885	大理	2	182	118	石林正南	100028	99	149	1	0	0
886	大理	2	182	118	玉溪西南	100029	99	149	1	0	0
887	大理	2	182	118	长白山西北	100030	99	149	1	0	0
888	大理	2	182	118	黄龙府西北	100031	99	149	1	0	0
889	大理	2	182	118	南海正北	100032	99	149	1	0	0
890	大理	2	182	118	琼州正西	100033	99	149	1	0	0
891	大理	2	182	118	南诏西南	100034	99	149	1	0	0
892	大理	2	182	118	苗疆正东	100035	99	149	1	0	0
893	大理	2	182	118	雁南正南	100036	99	149	1	0	0
894	大理	2	182	118	雁北正西	100037	99	149	1	0	0
895	大理	2	182	118	西湖正西	100038	99	149	1	0	0
896	大理	2	182	118	龙泉正北	100039	99	149	1	0	0
897	大理	2	182	118	苍山正西	100040	99	149	1	0	0
898	大理	2	182	118	洱海正西	100041	99	149	1	0	0
899	大理	2	182	118	草原正西	100042	99	149	1	0	0
900	大理	2	182	118	辽西西北	100043	99	149	1	0	0
901	大理	2	182	118	武夷正西	100044	99	149	1	0	0
902	大理	2	182	118	梅岭西北	100045	99	149	1	0	0
903	大理	2	182	118	石林正南	100046	99	149	1	0	0
904	大理	2	182	118	玉溪西南	100047	99	149	1	0	0
905	大理	2	182	118	长白山西北	100048	99	149	1	0	0
906	大理	2	182	118	黄龙府西北	100049	99	149	1	0	0
907	大理	2	182	118	南海正北	100050	99	149	1	0	0
908	大理	2	182	118	琼州正西	100051	99	149	1	0	0
909	大理	2	182	118	南诏西南	100052	99	149	1	0	0
910	大理	2	182	118	苗疆正东	100053	99	149	1	0	0
911	洛阳	0	140	95	雁南正南	100000	99	149	1	0	0
912	洛阳	0	140	95	雁北正西	100001	99	149	1	0	0
913	洛阳	0	140	95	西湖正西	100002	99	149	1	0	0
914	洛阳	0	140	95	龙泉正北	100003	99	149	1	0	0
915	洛阳	0	140	95	苍山正西	100004	99	149	1	0	0
916	洛阳	0	140	95	洱海正西	100005	99	149	1	0	0
917	洛阳	0	140	95	草原正西	100006	99	149	1	0	0
918	洛阳	0	140	95	辽西西北	100007	99	149	1	0	0
919	洛阳	0	140	95	武夷正西	100008	99	149	1	0	0
920	洛阳	0	140	95	梅岭西北	100009	99	149	1	0	0
921	洛阳	0	140	95	石林正南	100010	99	149	1	0	0
922	洛阳	0	140	95	玉溪西南	100011	99	149	1	0	0
923	洛阳	0	140	95	长白山西北	100012	99	149	1	0	0
924	洛阳	0	140	95	黄龙府西北	100013	99	149	1	0	0
925	洛阳	0	140	95	南海正北	100014	99	149	1	0	0
926	洛阳	0	140	95	琼州正西	100015	99	149	1	0	0
927	洛阳	0	140	95	南诏西南	100016	99	149	1	0	0
928	洛阳	0	140	95	苗疆正东	100017	99	149	1	0	0
929	洛阳	0	140	95	雁南正南	100018	99	149	1	0	0
930	洛阳	0	140	95	雁北正西	100019	99	149	1	0	0
931	洛阳	0	140	95	西湖正西	100020	99	149	1	0	0
932	洛阳	0	140	95	龙泉正北	100021	99	149	1	0	0
933	洛阳	0	140	95	苍山正西	100022	99	149	1	0	0
934	洛阳	0	140	95	洱海正西	100023	99	149	1	0	0
935	洛阳	0	140	95	草原正西	100024	99	149	1	0	0
936	洛阳	0	140	95	辽西西北	100025	99	149	1	0	0
937	洛阳	0	140	95	武夷正西	100026	99	149	1	0	0
938	洛阳	0	140	95	梅岭西北	100027	99	149	1	0	0
939	洛阳	0	140	95	石林正南	100028	99	149	1	0	0
940	洛阳	0	140	95	玉溪西南	100029	99	149	1	0	0
941	洛阳	0	140	95	长白山西北	100030	99	149	1	0	0
942	洛阳	0	140	95	黄龙府西北	100031	99	149	1	0	0
943	洛阳	0	140	95	南海正北	100032	99	149	1	0	0
944	洛阳	0	140	95	琼州正西	100033	99	149	1	0	0
945	洛阳	0	140	95	南诏西南	100034	99	149	1	0	0
946	洛阳	0	140	95	苗疆正东	100035	99	149	1	0	0
947	洛阳	0	140	95	雁南正南	100036	99	149	1	0	0
948	洛阳	0	140	95	雁北正西	100037	99	149	1	0	0
949	洛阳	0	140	95	西湖正西	100038	99	149	1	0	0
950	洛阳	0	140	95	龙泉正北	100039	99	149	1	0	0
951	洛阳	0	140	95	苍山正西	100040	99	149	1	0	0
952	洛阳	0	140	95	洱海正西	100041	99	149	1	0	0
953	洛阳	0	140	95	草原正西	100042	99	149	1	0	0
954	洛阳	0	140	95	辽西西北	100043	99	149	1	0	0
955	洛阳	0	140	95	武夷正西	100044	99	149	1	0	0
956	洛阳	0	140	95	梅岭西北	100045	99	149	1	0	0
957	洛阳	0	140	95	石林正南	100046	99	149	1	0	0
958	洛阳	0	140	95	玉溪西南	100047	99	149	1	0	0
959	洛阳	0	140	95	长白山西北	100048	99	149	1	0	0
960	洛阳	0	140	95	黄龙府西北	100049	99	149	1	0	0
961	洛阳	0	140	95	南海正北	100050	99	149	1	0	0
962	洛阳	0	140	95	琼州正西	100051	99	149	1	0	0
963	洛阳	0	140	95	南诏西南	100052	99	149	1	0	0
964	洛阳	0	140	95	苗疆正东	100053	99	149	1	0	0
965	苏州	1	224	184	雁南正南	100000	99	149	1	0	0
966	苏州	1	224	184	雁北正西	100001	99	149	1	0	0
967	苏州	1	224	184	西湖正西	100002	99	149	1	0	0
968	苏州	1	224	184	龙泉正北	100003	99	149	1	0	0
969	苏州	1	224	184	苍山正西	100004	99	149	1	0	0
970	苏州	1	224	184	洱海正西	100005	99	149	1	0	0
971	苏州	1	224	184	草原正西	100006	99	149	1	0	0
972	苏州	1	224	184	辽西西北	100007	99	149	1	0	0
973	苏州	1	224	184	武夷正西	100008	99	149	1	0	0
974	苏州	1	224	184	梅岭西北	100009	99	149	1	0	0
975	苏州	1	224	184	石林正南	100010	99	149	1	0	0
976	苏州	1	224	184	玉溪西南	100011	99	149	1	0	0
977	苏州	1	224	184	长白山西北	100012	99	149	1	0	0
978	苏州	1	224	184	黄龙府西北	100013	99	149	1	0	0
979	苏州	1	224	184	南海正北	100014	99	149	1	0	0
980	苏州	1	224	184	琼州正西	100015	99	149	1	0	0
981	苏州	1	224	184	南诏西南	100016	99	149	1	0	0
982	苏州	1	224	184	苗疆正东	100017	99	149	1	0	0
983	苏州	1	224	184	雁南正南	100018	99	149	1	0	0
984	苏州	1	224	184	雁北正西	100019	99	149	1	0	0
985	苏州	1	224	184	西湖正西	100020	99	149	1	0	0
986	苏州	1	224	184	龙泉正北	100021	99	149	1	0	0
987	苏州	1	224	184	苍山正西	100022	99	149	1	0	0
988	苏州	1	224	184	洱海正西	100023	99	149	1	0	0
989	苏州	1	224	184	草原正西	100024	99	149	1	0	0
990	苏州	1	224	184	辽西西北	100025	99	149	1	0	0
991	苏州	1	224	184	武夷正西	100026	99	149	1	0	0
992	苏州	1	224	184	梅岭西北	100027	99	149	1	0	0
993	苏州	1	224	184	石林正南	100028	99	149	1	0	0
994	苏州	1	224	184	玉溪西南	100029	99	149	1	0	0
995	苏州	1	224	184	长白山西北	100030	99	149	1	0	0
996	苏州	1	224	184	黄龙府西北	100031	99	149	1	0	0
997	苏州	1	224	184	南海正北	100032	99	149	1	0	0
998	苏州	1	224	184	琼州正西	100033	99	149	1	0	0
999	苏州	1	224	184	南诏西南	100034	99	149	1	0	0
1000	苏州	1	224	184	苗疆正东	100035	99	149	1	0	0
1001	苏州	1	224	184	雁南正南	100036	99	149	1	0	0
1002	苏州	1	224	184	雁北正西	100037	99	149	1	0	0
1003	苏州	1	224	184	西湖正西	100038	99	149	1	0	0
1004	苏州	1	224	184	龙泉正北	100039	99	149	1	0	0
1005	苏州	1	224	184	苍山正西	100040	99	149	1	0	0
1006	苏州	1	224	184	洱海正西	100041	99	149	1	0	0
1007	苏州	1	224	184	草原正西	100042	99	149	1	0	0
1008	苏州	1	224	184	辽西西北	100043	99	149	1	0	0
1009	苏州	1	224	184	武夷正西	100044	99	149	1	0	0
1010	苏州	1	224	184	梅岭西北	100045	99	149	1	0	0
1011	苏州	1	224	184	石林正南	100046	99	149	1	0	0
1012	苏州	1	224	184	玉溪西南	100047	99	149	1	0	0
1013	苏州	1	224	184	长白山西北	100048	99	149	1	0	0
1014	苏州	1	224	184	黄龙府西北	100049	99	149	1	0	0
1015	苏州	1	224	184	南海正北	100050	99	149	1	0	0
1016	苏州	1	224	184	琼州正西	100051	99	149	1	0	0
1017	苏州	1	224	184	南诏西南	100052	99	149	1	0	0
1018	苏州	1	224	184	苗疆正东	100053	99	149	1	0	0
1019	楼兰	246	191	130	雁南正南	100000	99	149	1	0	0
1020	楼兰	246	191	130	雁北正西	100001	99	149	1	0	0
1021	楼兰	246	191	130	西湖正西	100002	99	149	1	0	0
1022	楼兰	246	191	130	龙泉正北	100003	99	149	1	0	0
1023	楼兰	246	191	130	苍山正西	100004	99	149	1	0	0
1024	楼兰	246	191	130	洱海正西	100005	99	149	1	0	0
1025	楼兰	246	191	130	草原正西	100006	99	149	1	0	0
1026	楼兰	246	191	130	辽西西北	100007	99	149	1	0	0
1027	楼兰	246	191	130	武夷正西	100008	99	149	1	0	0
1028	楼兰	246	191	130	梅岭西北	100009	99	149	1	0	0
1029	楼兰	246	191	130	石林正南	100010	99	149	1	0	0
1030	楼兰	246	191	130	玉溪西南	100011	99	149	1	0	0
1031	楼兰	246	191	130	长白山西北	100012	99	149	1	0	0
1032	楼兰	246	191	130	黄龙府西北	100013	99	149	1	0	0
1033	楼兰	246	191	130	南海正北	100014	99	149	1	0	0
1034	楼兰	246	191	130	琼州正西	100015	99	149	1	0	0
1035	楼兰	246	191	130	南诏西南	100016	99	149	1	0	0
1036	楼兰	246	191	130	苗疆正东	100017	99	149	1	0	0
1037	楼兰	246	191	130	雁南正南	100018	99	149	1	0	0
1038	楼兰	246	191	130	雁北正西	100019	99	149	1	0	0
1039	楼兰	246	191	130	西湖正西	100020	99	149	1	0	0
1040	楼兰	246	191	130	龙泉正北	100021	99	149	1	0	0
1041	楼兰	246	191	130	苍山正西	100022	99	149	1	0	0
1042	楼兰	246	191	130	洱海正西	100023	99	149	1	0	0
1043	楼兰	246	191	130	草原正西	100024	99	149	1	0	0
1044	楼兰	246	191	130	辽西西北	100025	99	149	1	0	0
1045	楼兰	246	191	130	武夷正西	100026	99	149	1	0	0
1046	楼兰	246	191	130	梅岭西北	100027	99	149	1	0	0
1047	楼兰	246	191	130	石林正南	100028	99	149	1	0	0
1048	楼兰	246	191	130	玉溪西南	100029	99	149	1	0	0
1049	楼兰	246	191	130	长白山西北	100030	99	149	1	0	0
1050	楼兰	246	191	130	黄龙府西北	100031	99	149	1	0	0
1051	楼兰	246	191	130	南海正北	100032	99	149	1	0	0
1052	楼兰	246	191	130	琼州正西	100033	99	149	1	0	0
1053	楼兰	246	191	130	南诏西南	100034	99	149	1	0	0
1054	楼兰	246	191	130	苗疆正东	100035	99	149	1	0	0
1055	楼兰	246	191	130	雁南正南	100036	99	149	1	0	0
1056	楼兰	246	191	130	雁北正西	100037	99	149	1	0	0
1057	楼兰	246	191	130	西湖正西	100038	99	149	1	0	0
1058	楼兰	246	191	130	龙泉正北	100039	99	149	1	0	0
1059	楼兰	246	191	130	苍山正西	100040	99	149	1	0	0
1060	楼兰	246	191	130	洱海正西	100041	99	149	1	0	0
1061	楼兰	246	191	130	草原正西	100042	99	149	1	0	0
1062	楼兰	246	191	130	辽西西北	100043	99	149	1	0	0
1063	楼兰	246	191	130	武夷正西	100044	99	149	1	0	0
1064	楼兰	246	191	130	梅岭西北	100045	99	149	1	0	0
1065	楼兰	246	191	130	石林正南	100046	99	149	1	0	0
1066	楼兰	246	191	130	玉溪西南	100047	99	149	1	0	0
1067	楼兰	246	191	130	长白山西北	100048	99	149	1	0	0
1068	楼兰	246	191	130	黄龙府西北	100049	99	149	1	0	0
1069	楼兰	246	191	130	南海正北	100050	99	149	1	0	0
1070	楼兰	246	191	130	琼州正西	100051	99	149	1	0	0
1071	楼兰	246	191	130	南诏西南	100052	99	149	1	0	0
1072	楼兰	246	191	130	苗疆正东	100053	99	149	1	0	0
1073	雁南	18	72	282	雁南正南	100000	99	149	1	0	0
1074	雁北	19	32	127	雁北正西	100001	99	149	1	0	0
1075	西湖	30	39	139	西湖正西	100002	99	149	1	0	0
1076	龙泉	31	63	33	龙泉正北	100003	99	149	1	0	0
1077	苍山	25	37	172	苍山正西	100004	99	149	1	0	0
1078	洱海	24	34	100	洱海正西	100005	99	149	1	0	0
1079	草原	20	66	202	草原正西	100006	99	149	1	0	0
1080	辽西	21	75	35	辽西西北	100007	99	149	1	0	0
1081	武夷	32	92	171	武夷正西	100008	99	149	1	0	0
1082	梅岭	33	31	90	梅岭西北	100009	99	149	1	0	0
1083	石林	26	278	281	石林正南	100010	99	149	1	0	0
1084	玉溪	27	33	251	玉溪西南	100011	99	149	1	0	0
1085	长白山	22	39	63	长白山西北	100012	99	149	1	0	0
1086	黄龙府	23	28	54	黄龙府西北	100013	99	149	1	0	0
1087	南海	34	134	40	南海正北	100014	99	149	1	0	0
1088	琼州	35	80	139	琼州正西	100015	99	149	1	0	0
1089	南诏	28	39	254	南诏西南	100016	99	149	1	0	0
1090	苗疆	29	281	160	苗疆正东	100017	99	149	1	0	0
1091	雁南	18	102	38	雁南正南	100018	99	149	1	0	0
1092	雁北	19	116	29	雁北正西	100019	99	149	1	0	0
1093	西湖	30	45	267	西湖正西	100020	99	149	1	0	0
1094	龙泉	31	35	121	龙泉正北	100021	99	149	1	0	0
1095	苍山	25	146	284	苍山正西	100022	99	149	1	0	0
1096	洱海	24	173	283	洱海正西	100023	99	149	1	0	0
1097	草原	20	97	281	草原正西	100024	99	149	1	0	0
1098	辽西	21	40	142	辽西西北	100025	99	149	1	0	0
1099	武夷	32	113	280	武夷正西	100026	99	149	1	0	0
1100	梅岭	33	283	236	梅岭西北	100027	99	149	1	0	0
1101	石林	26	227	37	石林正南	100028	99	149	1	0	0
1102	玉溪	27	196	280	玉溪西南	100029	99	149	1	0	0
1103	长白山	22	280	154	长白山西北	100030	99	149	1	0	0
1104	黄龙府	23	290	115	黄龙府西北	100031	99	149	1	0	0
1105	南海	34	293	58	南海正北	100032	99	149	1	0	0
1106	琼州	35	273	52	琼州正西	100033	99	149	1	0	0
1107	南诏	28	95	40	南诏西南	100034	99	149	1	0	0
1108	苗疆	29	37	251	苗疆正东	100035	99	149	1	0	0
1109	雁南	18	281	113	雁南正南	100036	99	149	1	0	0
1110	雁北	19	234	24	雁北正西	100037	99	149	1	0	0
1111	西湖	30	261	231	西湖正西	100038	99	149	1	0	0
1112	龙泉	31	218	282	龙泉正北	100039	99	149	1	0	0
1113	苍山	25	294	153	苍山正西	100040	99	149	1	0	0
1114	洱海	24	285	166	洱海正西	100041	99	149	1	0	0
1115	草原	20	271	194	草原正西	100042	99	149	1	0	0
1116	辽西	21	277	258	辽西西北	100043	99	149	1	0	0
1117	武夷	32	255	38	武夷正西	100044	99	149	1	0	0
1118	梅岭	33	269	37	梅岭西北	100045	99	149	1	0	0
1119	石林	26	44	178	石林正南	100046	99	149	1	0	0
1120	玉溪	27	178	37	玉溪西南	100047	99	149	1	0	0
1121	长白山	22	216	282	长白山西北	100048	99	149	1	0	0
1122	黄龙府	23	253	285	黄龙府西北	100049	99	149	1	0	0
1123	南海	34	107	228	南海正北	100050	99	149	1	0	0
1124	琼州	35	243	150	琼州正西	100051	99	149	1	0	0
1125	南诏	28	273	241	南诏西南	100052	99	149	1	0	0
1126	苗疆	29	250	45	苗疆正东	100053	99	149	1	0	0
1127	洛阳	242	140	95	雁南正南	100000	99	149	1	0	0
1128	洛阳	242	140	95	雁北正西	100001	99	149	1	0	0
1129	洛阳	242	140	95	西湖正西	100002	99	149	1	0	0
1130	洛阳	242	140	95	龙泉正北	100003	99	149	1	0	0
1131	洛阳	242	140	95	苍山正西	100004	99	149	1	0	0
1132	洛阳	242	140	95	洱海正西	100005	99	149	1	0	0
1133	洛阳	242	140	95	草原正西	100006	99	149	1	0	0
1134	洛阳	242	140	95	辽西西北	100007	99	149	1	0	0
1135	洛阳	242	140	95	武夷正西	100008	99	149	1	0	0
1136	洛阳	242	140	95	梅岭西北	100009	99	149	1	0	0
1137	洛阳	242	140	95	石林正南	100010	99	149	1	0	0
1138	洛阳	242	140	95	玉溪西南	100011	99	149	1	0	0
1139	洛阳	242	140	95	长白山西北	100012	99	149	1	0	0
1140	洛阳	242	140	95	黄龙府西北	100013	99	149	1	0	0
1141	洛阳	242	140	95	南海正北	100014	99	149	1	0	0
1142	洛阳	242	140	95	琼州正西	100015	99	149	1	0	0
1143	洛阳	242	140	95	南诏西南	100016	99	149	1	0	0
1144	洛阳	242	140	95	苗疆正东	100017	99	149	1	0	0
1145	洛阳	242	140	95	雁南正南	100018	99	149	1	0	0
1146	洛阳	242	140	95	雁北正西	100019	99	149	1	0	0
1147	洛阳	242	140	95	西湖正西	100020	99	149	1	0	0
1148	洛阳	242	140	95	龙泉正北	100021	99	149	1	0	0
1149	洛阳	242	140	95	苍山正西	100022	99	149	1	0	0
1150	洛阳	242	140	95	洱海正西	100023	99	149	1	0	0
1151	洛阳	242	140	95	草原正西	100024	99	149	1	0	0
1152	洛阳	242	140	95	辽西西北	100025	99	149	1	0	0
1153	洛阳	242	140	95	武夷正西	100026	99	149	1	0	0
1154	洛阳	242	140	95	梅岭西北	100027	99	149	1	0	0
1155	洛阳	242	140	95	石林正南	100028	99	149	1	0	0
1156	洛阳	242	140	95	玉溪西南	100029	99	149	1	0	0
1157	洛阳	242	140	95	长白山西北	100030	99	149	1	0	0
1158	洛阳	242	140	95	黄龙府西北	100031	99	149	1	0	0
1159	洛阳	242	140	95	南海正北	100032	99	149	1	0	0
1160	洛阳	242	140	95	琼州正西	100033	99	149	1	0	0
1161	洛阳	242	140	95	南诏西南	100034	99	149	1	0	0
1162	洛阳	242	140	95	苗疆正东	100035	99	149	1	0	0
1163	洛阳	242	140	95	雁南正南	100036	99	149	1	0	0
1164	洛阳	242	140	95	雁北正西	100037	99	149	1	0	0
1165	洛阳	242	140	95	西湖正西	100038	99	149	1	0	0
1166	洛阳	242	140	95	龙泉正北	100039	99	149	1	0	0
1167	洛阳	242	140	95	苍山正西	100040	99	149	1	0	0
1168	洛阳	242	140	95	洱海正西	100041	99	149	1	0	0
1169	洛阳	242	140	95	草原正西	100042	99	149	1	0	0
1170	洛阳	242	140	95	辽西西北	100043	99	149	1	0	0
1171	洛阳	242	140	95	武夷正西	100044	99	149	1	0	0
1172	洛阳	242	140	95	梅岭西北	100045	99	149	1	0	0
1173	洛阳	242	140	95	石林正南	100046	99	149	1	0	0
1174	洛阳	242	140	95	玉溪西南	100047	99	149	1	0	0
1175	洛阳	242	140	95	长白山西北	100048	99	149	1	0	0
1176	洛阳	242	140	95	黄龙府西北	100049	99	149	1	0	0
1177	洛阳	242	140	95	南海正北	100050	99	149	1	0	0
1178	洛阳	242	140	95	琼州正西	100051	99	149	1	0	0
1179	洛阳	242	140	95	南诏西南	100052	99	149	1	0	0
1180	洛阳	242	140	95	苗疆正东	100053	99	149	1	0	0
1181	白溪湖	613	221	55	草原	20	246	186	0	1	0
1182	草原	20	258	183	白溪湖	613	203	79	0	1	85
1183	蜀南竹海	614	129	224	苍山	25	46	61	0	1	0
1184	苍山	25	48	54	蜀南竹海	614	125	219	0	1	85
1185	西凉枫林	615	199	219	敦煌	8	97	45	0	1	20
1186	敦煌	8	93	40	西凉枫林	615	200	212	0	1	85
1187	不老长春谷遗址	623	220	91	大理	2	138	161	1	0	10
1188	大理	2	140	161	不老长春谷遗址	623	207	105	1	0	30
1195	长春谷·横崖	616	46	57	长春谷·乌衣巷	617	219	41	0	0	85
1196	长春谷·乌衣巷	617	225	40	长春谷·横崖	616	49	57	0	1	85
1197	白溪湖	613	109	108	长春谷·横崖	616	54	217	1	1	85
1198	西凉枫林	615	95	64	长春谷·横崖	616	54	217	1	1	85
1199	蜀南竹海	614	84	111	长春谷·横崖	616	54	217	1	1	85
1200	长春谷·横崖	616	50	222	白溪湖	613	118	110	1	1	85
1201	长春谷·横崖	616	50	222	西凉枫林	615	95	64	1	1	85
1202	长春谷·横崖	616	50	222	蜀南竹海	614	84	111	1	1	85
1203	秦皇地宫一层	650	25	40	秦皇地宫二层	651	235	225	0	0	0
1204	秦皇地宫二层	651	235	225	秦皇地宫一层	650	25	40	0	0	0
1205	秦皇地宫二层	651	96	164	秦皇地宫三层	652	237	216	0	0	0
1206	秦皇地宫三层	652	237	216	秦皇地宫二层	651	96	164	0	0	0
1207	剑阁	7	280	81	秦皇地宫一层	650	227	224	1	0	0
1208	秦皇地宫一层	650	226	234	剑阁	7	276	82	0	0	0
1209	清湖蜃景	673	104	62	沉月岛 	655	192	214	0	1	50
1210	清湖蜃景	673	221	55	熔岩蜃景	675	200	213	0	0	50
1211	清湖蜃景	673	48	205	密林蜃景	674	183	212	0	0	50
1212	密林蜃景	674	160	42	繁林岛	657	44	224	0	1	50
1213	密林蜃景	674	186	216	清湖蜃景	673	52	201	0	0	50
1214	密林蜃景	674	70	37	熔岩蜃景	675	59	48	0	0	50
1215	熔岩蜃景	675	90	187	地火岛	656	36	98	0	1	50
1216	熔岩蜃景	675	198	219	清湖蜃景	673	219	61	0	0	50
1217	熔岩蜃景	675	55	43	密林蜃景	674	74	40	0	0	50
1218	沉月岛	655	197	220	清湖蜃景	673	90	63	0	1	50
1219	沉月岛	655	74	217	繁林岛	657	228	206	0	0	50
1220	沉月岛	655	169	26	地火岛	656	208	51	0	0	50
1221	地火岛	656	31	105	熔岩蜃景	675	95	188	0	1	50
1222	地火岛	656	41	135	繁林岛	657	140	51	0	0	50
1223	地火岛	656	214	47	沉月岛	655	170	32	0	0	50
1224	繁林岛	657	38	228	密林蜃景	674	161	47	0	1	50
1225	繁林岛	657	136	45	地火岛	656	47	136	0	0	50
1226	繁林岛	657	234	202	沉月岛	655	78	210	0	0	50
1227	沉月古塔一层	658	48	49	沉月古塔二层	659	31	154	0	0	50
1228	沉月古塔二层	659	26	25	沉月古塔三层	660	125	127	0	0	50
1229	沉月古塔三层	660	46	96	沉月古塔四层	661	34	35	0	0	50
1230	沉月古塔一层	658	208	55	沉月古塔二层	659	161	154	0	0	50
1231	沉月古塔二层	659	162	29	沉月古塔三层	660	66	127	0	0	50
1232	沉月古塔三层	660	143	96	沉月古塔四层	661	93	94	0	0	50
1233	地火古塔一层	662	48	49	地火古塔二层	663	31	154	0	0	50
1234	地火古塔二层	663	26	25	地火古塔三层	664	125	127	0	0	50
1235	地火古塔三层	664	46	96	地火古塔四层	665	34	35	0	0	50
1236	地火古塔一层	662	208	55	地火古塔二层	663	161	154	0	0	50
1237	地火古塔二层	663	162	29	地火古塔三层	664	66	127	0	0	50
1238	地火古塔三层	664	143	96	地火古塔四层	665	93	94	0	0	50
1239	繁林古塔一层	666	48	49	繁林古塔二层	667	31	154	0	0	50
1240	繁林古塔二层	667	26	25	繁林古塔三层	668	125	127	0	0	50
1241	繁林古塔三层	668	46	96	繁林古塔四层	669	34	35	0	0	50
1242	繁林古塔一层	666	208	55	繁林古塔二层	667	161	154	0	0	50
1243	繁林古塔二层	667	162	29	繁林古塔三层	668	66	127	0	0	50
1244	繁林古塔三层	668	143	96	繁林古塔四层	669	93	94	0	0	50
1245	锁龙古塔二层	670	28	27	锁龙古塔三层	671	64	130	0	0	50
1246	锁龙古塔三层	671	37	66	锁龙古塔四层	672	66	125	0	0	50
1247	锁龙古塔二层	670	172	33	锁龙古塔三层	671	129	127	0	0	50
1248	锁龙古塔三层	671	148	77	锁龙古塔四层	672	127	128	0	0	50
1249	沉月古塔二层	659	30	162	沉月古塔一层	658	52	54	0	0	50
1250	沉月古塔三层	660	61	132	沉月古塔二层	659	30	30	0	0	50
1251	沉月古塔四层	661	32	31	沉月古塔三层	660	52	96	0	0	50
1252	沉月古塔二层	659	162	160	沉月古塔一层	658	206	57	0	0	50
1253	沉月古塔三层	660	130	132	沉月古塔二层	659	160	32	0	0	50
1254	沉月古塔四层	661	98	97	沉月古塔三层	660	136	95	0	0	50
1255	地火古塔二层	663	30	162	地火古塔一层	662	52	54	0	0	50
1256	地火古塔三层	664	61	132	地火古塔二层	663	30	30	0	0	50
1257	地火古塔四层	665	32	31	地火古塔三层	664	52	96	0	0	50
1258	地火古塔二层	663	162	160	地火古塔一层	662	206	57	0	0	50
1259	地火古塔三层	664	130	132	地火古塔二层	663	160	32	0	0	50
1260	地火古塔四层	665	98	97	地火古塔三层	664	136	95	0	0	50
1261	繁林古塔二层	667	30	162	繁林古塔一层	666	52	54	0	0	50
1262	繁林古塔三层	668	61	132	繁林古塔二层	667	30	30	0	0	50
1263	繁林古塔四层	669	32	31	繁林古塔三层	668	52	96	0	0	50
1264	繁林古塔二层	667	162	160	繁林古塔一层	666	206	57	0	0	50
1265	繁林古塔三层	668	130	132	繁林古塔二层	667	160	32	0	0	50
1266	繁林古塔四层	669	98	97	繁林古塔三层	668	136	95	0	0	50
1267	锁龙古塔三层	671	60	134	锁龙古塔二层	670	33	31	0	0	50
1268	锁龙古塔四层	672	60	125	锁龙古塔三层	671	41	69	0	0	50
1269	锁龙古塔三层	671	134	133	锁龙古塔二层	670	169	38	0	0	50
1270	锁龙古塔四层	672	135	128	锁龙古塔三层	671	142	81	0	0	50
1271	洛阳	0	199	197	清湖蜃景	673	188	211	1	1	50
1272	洛阳	0	199	197	密林蜃景	674	59	175	1	1	50
1273	洛阳	0	199	197	熔岩蜃景	675	202	57	1	1	50
1274	清湖蜃景	673	195	217	洛阳	0	199	200	0	0	0
1275	密林蜃景	674	56	175	洛阳	0	199	200	0	0	0
1276	熔岩蜃景	675	220	75	洛阳	0	199	200	0	0	0
1277	苏州	1	206	209	清湖蜃景	677	192	214	1	0	30
1278	清湖蜃景	677	192	214	苏州	1	206	209	1	0	0
1279	锁龙古塔一层	679	48	49	锁龙古塔二层	670	31	154	0	0	50
1280	锁龙古塔一层	679	208	55	锁龙古塔二层	670	161	154	0	0	50
1281	锁龙古塔二层	670	30	162	锁龙古塔一层	679	52	54	0	0	50
1282	锁龙古塔二层	670	162	160	锁龙古塔一层	679	206	57	0	0	50
1283	沉月古塔三层	682	46	96	沉月古塔四层	683	34	35	0	0	50
1284	沉月古塔三层	682	143	96	沉月古塔四层	683	93	94	0	0	50
1285	沉月古塔四层	683	32	31	沉月古塔三层	682	52	96	0	0	50
1286	沉月古塔四层	683	98	97	沉月古塔三层	682	136	95	0	0	50
1287	地火古塔三层	684	46	96	地火古塔四层	685	34	35	0	0	50
1288	地火古塔三层	684	143	96	地火古塔四层	685	93	94	0	0	50
1289	地火古塔四层	685	32	31	地火古塔三层	684	52	96	0	0	50
1290	地火古塔四层	685	98	97	地火古塔三层	684	136	95	0	0	50
1291	繁林古塔三层	686	46	96	繁林古塔四层	687	34	35	0	0	50
1292	繁林古塔三层	686	143	96	繁林古塔四层	687	93	94	0	0	50
1293	繁林古塔四层	687	32	31	繁林古塔三层	686	52	96	0	0	50
1294	繁林古塔四层	687	98	97	繁林古塔三层	686	136	95	0	0	50
1295	锁龙古塔一层	691	48	49	锁龙古塔二层	688	31	154	0	0	50
1296	锁龙古塔一层	691	208	55	锁龙古塔二层	688	161	154	0	0	50
1297	锁龙古塔二层	688	30	162	锁龙古塔一层	691	52	54	0	0	50
1298	锁龙古塔二层	688	162	160	锁龙古塔一层	691	206	57	0	0	50
1299	锁龙古塔二层	688	28	27	锁龙古塔三层	689	64	130	0	0	50
1300	锁龙古塔二层	688	172	33	锁龙古塔三层	689	129	127	0	0	50
1301	锁龙古塔三层	689	134	133	锁龙古塔二层	688	169	38	0	0	50
1302	锁龙古塔三层	689	60	134	锁龙古塔二层	688	33	31	0	0	50
1303	锁龙古塔三层	689	148	77	锁龙古塔四层	690	127	128	0	0	50
1304	锁龙古塔三层	689	37	66	锁龙古塔四层	690	66	125	0	0	50
1305	锁龙古塔四层	690	60	125	锁龙古塔三层	689	41	69	0	0	50
1306	锁龙古塔四层	690	135	128	锁龙古塔三层	689	142	81	0	0	50
1307	翠云山	700	47	210	永宁城	702	192	48	0	0	30
1308	永宁城	702	195	43	翠云山	700	51	206	0	0	30
1309	翠云山	700	78	62	水帘洞	701	163	154	0	0	30
1310	水帘洞	701	168	158	翠云山	700	83	64	0	0	30
1311	水帘洞	701	39	169	永宁城	702	59	63	0	0	30
1312	永宁城	702	57	57	水帘洞	701	42	164	0	0	30
1313	翠云山	700	138	98	永宁城	702	109	198	1	0	30
1314	翠云山	700	138	98	水帘洞	701	41	113	1	0	30
1315	永宁城	702	107	149	翠云山	700	136	98	1	0	30
1316	永宁城	702	107	149	水帘洞	701	41	113	1	0	30
1317	水帘洞	701	39	113	翠云山	700	136	98	1	0	30
1318	水帘洞	701	39	113	永宁城	702	109	198	1	0	30
1319	洛阳	0	69	62	翠云山	700	136	98	1	0	30
1320	洛阳	0	69	62	永宁城	702	109	198	1	0	30
1321	洛阳	0	69	62	水帘洞	701	41	113	1	0	30
1322	翠云山	700	138	98	洛阳	0	69	62	1	0	30
1323	永宁城	702	109	200	洛阳	0	69	62	1	0	30
1324	水帘洞	701	39	113	洛阳	0	69	62	1	0	30
1325	恶人谷	703	56	215	剑阁	7	40	194	0	1	10
1326	剑阁	7	40	196	恶人谷	703	57	207	0	0	0
1327	洛阳	0	230	129	恶人谷	703	121	154	1	0	10
1328	洛阳	0	139	182	恶人谷	703	121	154	1	0	10
1329	苏州	1	239	128	恶人谷	703	121	154	1	0	10
1330	大理	2	241	136	恶人谷	703	121	154	1	0	10
1331	少林寺	9	93	132	恶人谷	703	121	154	1	0	10
1332	丐帮总舵	10	95	120	恶人谷	703	121	154	1	0	10
1333	光明殿	11	102	167	恶人谷	703	121	154	1	0	10
1334	武当山	12	101	136	恶人谷	703	121	154	1	0	10
1335	天龙寺	13	99	120	恶人谷	703	121	154	1	0	10
1336	凌波洞	14	69	142	恶人谷	703	121	154	1	0	10
1337	峨嵋山	15	86	142	恶人谷	703	121	154	1	0	10
1338	星宿海	16	99	150	恶人谷	703	121	154	1	0	10
1339	天山	17	90	120	恶人谷	703	121	154	1	0	10
1340	楼兰	246	285	130	恶人谷	703	121	154	1	0	10
1341	束河古镇	260	202	211	恶人谷	703	121	154	1	0	10
1342	玄武岛	112	82	30	恶人谷	703	121	154	1	0	10
1343	洛阳	242	230	129	恶人谷	703	121	154	1	0	10
1344	大理	2	156	143	恶人谷	703	121	154	1	0	10
1345	曼陀山庄	592	145	196	恶人谷	703	121	154	1	0	10
1346	恶人谷	703	123	150	洛阳	0	235	322	1	0	10
1347	恶人谷	703	123	150	洛阳-九州商会	0	326	269	1	0	10
1348	恶人谷	703	123	150	苏州	1	204	256	1	0	10
1349	恶人谷	703	123	150	苏州-铁匠铺	1	335	225	1	0	10
1350	恶人谷	703	123	150	大理	2	253	121	1	0	10
1351	恶人谷	703	123	150	门派-星宿	16	99	150	1	0	10
1352	恶人谷	703	123	150	门派-逍遥	14	69	142	1	0	10
1353	恶人谷	703	123	150	门派-少林	9	11	93	1	0	10
1354	恶人谷	703	123	150	门派-天山	17	90	120	1	0	10
1355	恶人谷	703	123	150	门派-天龙	13	21	99	1	0	10
1356	恶人谷	703	123	150	门派-峨嵋	15	86	142	1	0	10
1357	恶人谷	703	123	150	门派-武当	12	101	136	1	0	10
1358	恶人谷	703	123	150	门派-明教	11	102	167	1	0	10
1359	恶人谷	703	123	150	门派-丐帮	10	95	120	1	0	10
1360	恶人谷	703	123	150	玄武岛	112	109	25	1	0	10
1361	恶人谷	703	123	150	束河古镇	260	202	211	1	0	20
1362	恶人谷	703	123	150	洛阳	242	235	322	1	0	10
1363	恶人谷	703	123	150	洛阳-九州商会	242	326	269	1	0	10
1364	恶人谷	703	123	150	楼兰	246	285	130	1	0	75
1365	恶人谷	703	123	150	曼陀山庄	592	139	162	1	0	10
1366	大理	2	163	144	门派-恶人谷	703	121	154	1	0	10
1373	洛阳	242	199	197	清湖蜃景	673	188	211	1	1	50
1374	洛阳	242	199	197	密林蜃景	674	59	175	1	1	50
1375	洛阳	242	199	197	熔岩蜃景	675	202	57	1	1	50
1376	洛阳	242	69	62	翠云山	700	136	98	1	0	30
1377	洛阳	242	69	62	永宁城	702	109	198	1	0	30
1378	洛阳	242	69	62	水帘洞	701	41	113	1	0	30
1379	洛阳	242	139	182	恶人谷	703	121	154	1	0	10
1380	清湖蜃景	673	195	217	洛阳	242	199	200	0	0	0
1381	密林蜃景	674	56	175	洛阳	242	199	200	0	0	0
1382	熔岩蜃景	675	220	75	洛阳	242	199	200	0	0	0
1383	翠云山	700	138	98	洛阳	242	69	62	1	0	30
1384	永宁城	702	109	200	洛阳	242	69	62	1	0	30
1385	水帘洞	701	39	113	洛阳	242	69	62	1	0	30
1386	熔岩蜃景	675	139	64	昆吾	734	222	193	0	0	65
1387	昆吾	734	223	220	熔岩蜃景	675	132	64	0	1	65
1388	溪上莲山	735	25	80	昆吾	734	227	43	0	0	65
1389	开悟之间	741	33	44	昆吾	734	118	105	0	0	65
1390	昆吾	734	107	187	洛阳	0	235	322	1	0	10
1391	昆吾	734	107	187	洛阳-九州商会	0	326	269	1	0	10
1392	昆吾	734	107	187	苏州	1	204	256	1	0	10
1393	昆吾	734	107	187	苏州-铁匠铺	1	335	225	1	0	10
1394	昆吾	734	107	187	大理	2	253	121	1	0	10
1395	昆吾	734	107	187	楼兰	246	285	130	1	0	75
1396	昆吾	734	107	187	门派-星宿	16	99	150	1	0	10
1397	昆吾	734	107	187	门派-逍遥	14	69	142	1	0	10
1398	昆吾	734	107	187	门派-少林	9	11	93	1	0	10
1399	昆吾	734	107	187	门派-天山	17	90	120	1	0	10
1400	昆吾	734	107	187	门派-天龙	13	21	99	1	0	10
1401	昆吾	734	107	187	门派-峨嵋	15	86	142	1	0	10
1402	昆吾	734	107	187	门派-武当	12	101	136	1	0	10
1403	昆吾	734	107	187	门派-明教	11	102	167	1	0	10
1404	昆吾	734	107	187	门派-丐帮	10	95	120	1	0	10
1405	昆吾	734	107	187	曼陀山庄	592	139	162	1	0	10
1406	昆吾	734	107	187	恶人谷	703	121	154	1	0	10
1407	昆吾	734	107	187	洛阳	242	235	322	1	0	10
1408	昆吾	734	107	187	洛阳-九州商会	242	326	269	1	0	10
1409	洛阳	0	230	129	昆吾	734	110	188	1	0	10
1410	洛阳	0	139	182	昆吾	734	110	188	1	0	10
1411	苏州	1	239	128	昆吾	734	110	188	1	0	10
1412	苏州	1	111	160	昆吾	734	110	188	1	0	10
1413	大理	2	241	136	昆吾	734	110	188	1	0	10
1414	楼兰	246	285	130	昆吾	734	110	188	1	0	10
1415	少林寺	9	93	132	昆吾	734	110	188	1	0	10
1416	丐帮总舵	10	95	120	昆吾	734	110	188	1	0	10
1417	光明殿	11	102	167	昆吾	734	110	188	1	0	10
1418	武当山	12	101	136	昆吾	734	110	188	1	0	10
1419	天龙寺	13	99	120	昆吾	734	110	188	1	0	10
1420	凌波洞	14	69	142	昆吾	734	110	188	1	0	10
1421	峨嵋山	15	86	142	昆吾	734	110	188	1	0	10
1422	星宿海	16	99	150	昆吾	734	110	188	1	0	10
1423	天山	17	90	120	昆吾	734	110	188	1	0	10
1424	曼陀山庄	592	145	196	昆吾	734	110	188	1	0	10
1425	恶人谷	703	123	150	昆吾	734	110	188	1	0	10
1426	洛阳	242	230	129	昆吾	734	110	188	1	0	10
1427	洛阳	242	139	182	昆吾	734	110	188	1	0	10
1428	飘渺浮丘	736	33	44	昆吾	734	118	105	0	0	65
1429	遗荒古迹	737	29	59	昆吾	734	118	105	0	0	65
1430	紫禁城	742	384	408	紫禁城楼上	742	387	376	0	0	0
1431	紫禁城楼上	742	395	395	紫禁城	742	384	369	0	0	0
1436	通天塔一层	765	255	386	通天塔地宫	764	255	125	0	0	0
1437	通天塔一层	765	255	127	通天塔二层	766	255	375	0	0	0
1438	通天塔二层	766	255	375	通天塔一层	765	255	127	0	0	0
1439	通天塔二层	766	256	174	通天塔三层	767	255	329	0	0	0
1440	通天塔三层	767	255	329	通天塔二层	766	256	174	0	0	0
1441	通天塔三层	767	255	175	通天塔塔顶	768	255	280	0	0	0
1442	通天塔塔顶	768	255	280	通天塔三层	767	255	175	0	0	0
1443	通天塔地宫	764	260	123	通天塔一层	765	256	363	0	0	0
