INT	INT	INT
INT	INT	INT
0	0	46
1	1	46
2	2	77
3	3	71
4	4	71
5	5	68
6	80101001	116
7	80101101	115
8	23	334
9	23	122
10	24	19
11	25	122
12	25	89
13	26	69
14	27	122
15	27	85
16	28	59
17	30	50
18	30	52
19	31	50
20	31	52
21	41	117
22	42	107
23	43	294
24	100	63
25	101	47
26	101	48
27	102	78
28	103	51
29	103	63
30	104	44
31	105	83
32	123	109
33	123	38
34	124	38
35	150	108
36	220	313
37	223	229
38	255	19
39	555	54
40	556	54
41	901	288
42	80502901	152
43	1000	38
44	1001	62
45	1002	171
46	1003	58
47	1004	58
48	1005	57
49	1008	161
50	1009	161
51	1010	136
52	1100	247
53	1206	192
54	1207	193
55	1208	191
56	2001	138
57	2002	141
58	2003	138
59	2004	142
60	2005	142
61	2006	142
62	2007	142
63	2008	142
64	5421	106
65	5422	162
66	5423	49
67	5424	49
68	5425	49
69	5426	19
70	8121	251
71	13906	30
72	19821	201
73	19822	203
74	19823	206
75	19824	213
76	19999	183
77	25702	122
78	25702	199
79	70825	245
80	71525	248
81	75117	122
82	75117	197
83	91109	276
84	91111	278
85	112233	62
86	112235	161
87	112236	168
88	112236	122
89	112237	204
90	112237	122
91	80503001	182
92	147000	189
93	147005	189
94	147005	38
95	147006	38
96	171717	265
97	171718	273
98	198122	305
99	260001	30
100	300039	19
101	300077	30
102	300088	30
103	332004	30
104	332207	19
105	335815	19
106	403004	263
107	500505	30
108	502010	19
109	502011	38
110	502011	368
111	502023	363
112	701800	76
113	701900	298
114	701900	306
115	713587	64
116	751107	198
117	751107	122
118	800034	221
119	800107	71
120	800108	154
121	800119	230
122	800120	244
123	805047	19
124	805048	19
125	808147	30
126	809270	19
127	831020	97
128	831021	158
129	888888	299
130	888901	169
131	888902	222
132	889102	295
133	889103	297
134	889103	302
135	891049	353
136	892663	19
137	892675	358
138	892676	357
139	892676	359
140	910281	276
141	910282	277
142	910283	277
143	1000156	290
144	1999986	183
145	2000156	292
146	3000156	291
147	3000771	271
148	4000156	293
149	5020192	19
150	8050191	214
151	8050192	214
152	8050193	214
153	8910321	344
154	8910322	346
155	8910461	345
156	8910800	36
157	8910801	373
158	8910802	373
159	8910803	377
160	8910810	374
161	8910850	375
162	8910950	376
163	9111601	281
164	9111602	284
165	12032203	30
166	18100001	326
167	19810222	76
168	19810222	166
169	19810313	137
170	19810424	66
171	19810424	122
172	19820424	70
173	19820425	148
174	19830424	103
175	19830424	122
176	19831114	246
177	19831204	254
178	19831205	255
179	19840424	139
180	19841120	139
181	19841121	139
182	19850424	156
183	19850424	155
184	19851274	282
185	19851274	122
186	19860143	283
187	19860143	122
188	20071224	77
189	20080221	77
190	20080419	77
191	20081010	219
192	20090627	77
193	20090715	38
194	20090717	249
195	20090720	257
196	20090721	258
197	20090722	259
198	20090723	260
199	20090727	261
200	20090804	266
201	20090805	267
202	20090824	269
203	20090907	247
204	20090929	272
205	20091019	38
206	20091025	274
207	20091027	280
208	20091027	122
209	20091029	281
210	20091029	122
211	20091130	272
212	20092450	252
213	20092461	253
214	20092462	253
215	20100118	142
216	20100716	124
217	20100717	124
218	20101121	38
219	20110509	320
220	20110509	122
221	20120222	270
222	20130521	321
223	20140917	270
224	20150212	351
225	20150228	351
226	20150309	19
227	20180613	366
228	31111201	30
229	50202301	364
230	80806201	322
231	80811000	340
232	80811001	341
233	80811002	342
234	80811003	343
235	80811005	341
236	80811005	342
237	80811005	343
238	80811005	340
239	80811006	341
240	80811006	342
241	80811006	343
242	80811006	340
243	80811021	342
244	80811031	343
245	80811032	343
246	80811033	19
247	80926201	30
248	86021935	66
249	86021935	122
250	88880001	379
251	88880002	381
252	88880003	382
253	89104901	352
254	89112301	384
255	89266601	19
256	89266602	42
257	89266603	42
258	89266604	337
259	89267601	372
260	89267801	356
261	89267802	36
262	89267901	36
263	89267902	324
264	89268901	329
265	91016141	197
266	101526358	137
267	101526358	323
268	271261215	77
269	870001001	4
270	920170825	335
271	920170825	122
272	920170826	30
273	2015101414	270
274	2015101514	270
275	2016110701	348
276	2016110702	30
277	2018010601	347
278	2018010603	36
279	2018010901	354
280	88880004	380
281	88880005	19
282	89112401	385
283	34000401	386
284	34000402	386
285	34000501	386
286	34000502	386
287	89112402	385
288	89111901	387
289	89111902	387
290	89111903	387
291	89111904	388
292	89111905	388
293	89111906	388
294	89111907	389
295	89111908	389
296	89111909	390
297	89111910	390
298	89111911	390
299	89111912	36
300	8910804	373
301	20210315	122
302	20210315	270
303	91113	276
304	91114	276
305	80012101	392
306	83000121	270
307	88880401	398
308	88880402	398
309	88996201	404
310	2021050801	405
311	89115201	406
312	89115202	406
313	89115203	406
314	89115701	408
315	20210510	409
316	20210510	410
317	20210510	411
318	20210519	411
319	20210510	412
320	80702001	415
321	889962	36
322	89115901	417
323	89115902	417
324	80702701	416
325	80702702	270
326	89116401	419
327	89116402	419
328	89139601	418
329	891396	420
330	89139602	420
331	807012	270
332	20160601	270
333	891160	422
334	20160622	407
335	20160624	407
336	20160623	407
337	89117001	424
338	89117002	424
339	89117201	425
340	891176	19
341	807036	158
342	891175	426
343	89117202	427
344	89121801	429
345	89121802	36
346	89127101	430
347	891180	434
348	20210801	432
349	89118101	435
350	50509901	438
351	50509902	438
352	891181	434
353	2115	440
354	2115	441
355	2115	442
356	80101102	439
357	80101103	439
358	810209111	443
359	89289103	447
360	89289102	451
361	88875801	458
362	88875802	458
363	89289504	452
364	89289502	449
365	89289505	452
366	20200507	450
367	20180912	448
368	89293001	457
369	89293002	457
370	89289101	446
371	89289503	444
372	88877301	460
373	88877302	461
374	99980101	19
375	99990101	19
376	89294711	471
377	89297101	467
378	89297102	467
379	89297401	466
380	892974	468
381	89297402	469
382	89289801	453
383	8000341	474
384	800034	474
385	800034	122
386	20090722	475
387	19831114	476
388	19831114	122
389	198311141	476
390	88877801	477
391	89297501	480
392	89297502	36
393	89301101	472
394	20211201	19
395	80012701	490
396	89307801	487
397	5051001	494
398	89307801	122
399	89307802	493
400	89306901	36
401	89306902	491
402	89306401	491
403	89306903	495
404	79101001	499
405	79101002	36
406	79101101	500
407	80012702	502
408	80012703	501
409	80012704	503
410	80012705	504
411	80012706	505
412	8930400	36
413	8930401	486
414	89306501	507
415	80012708	506
416	80012713	19
417	80012716	19
418	80012726	19
419	89308901	498
420	89308902	498
421	89308903	498
422	89308904	498
423	89308905	498
424	89308906	498
425	20141216	509
426	80012714	270
427	80012724	503
428	80012712	270
429	5051002	494
430	79101102	30
431	89308907	498
432	80012707	270
433	80012709	270
434	80012711	270
435	80012722	270
436	893108	19
437	79007501	517
438	79007502	30
439	89312001	518
440	89312101	519
441	89312102	519
442	89312103	30
443	80012801	520
444	89316101	522
445	89316102	521
446	89316103	521
447	202205070	19
448	202205010	524
449	99990301	537
450	99990302	19
451	89320301	539
452	89320302	270
453	89316801	531
454	89319101	523
455	89321201	540
456	79102001	533
457	79102002	534
458	79102003	533
459	89324201	429
460	89324301	431
461	80012717	19
462	20141204	543
463	89116101	544
464	79201301	546
465	79201401	546
466	79201202	545
467	79201201	395
468	1122361	549
469	20141106	548
470	99990401	19
471	89334001	542
472	79201201	36
473	89324501	19
474	89316601	553
475	89316802	554
476	79106001	556
477	79106002	556
478	80811005	547
479	80811006	547
480	89334601	559
481	88892101	555
482	88892102	555
483	88892103	30
484	89330401	550
485	89330402	558
486	89337901	19
487	20210519	409
488	20210519	412
489	89331101	562
490	89331102	562
491	89331103	563
492	2013060601	567
493	2013060602	565
494	2013060603	566
495	2013060604	270
496	2013060605	270
497	2013060606	270
498	89306001	570
499	89334201	568
500	89334201	569
501	88889901	270
502	89331104	562
503	89306002	570
504	89312701	585
505	89312702	585
506	89338101	576
507	54266	49
508	54267	49
509	88816001	19
510	88816201	588
511	2022090601	30
512	88998601	36
513	88998602	598
514	88998901	599
515	89335901	38
516	89330301	270
517	89331301	19
518	89331105	601
519	89331106	562
520	2022090601	30
521	2022090601	30
522	2022090801	30
523	2022091401	30
524	2022091501	30
525	88996401	592
526	88996156	38
527	88996157	38
528	2022913	270
529	202291301	600
530	202291302	600
531	202291303	600
532	20221107	19
533	2022110701	19
534	20221115	605
535	89004901	30
536	89004902	606
537	89119501	19
538	8927603	222
539	8927600	614
540	8927605	612
541	8927606	614
542	8927602	612
543	8927601	611
544	89106201	270
545	89106201	122
546	89106202	350
547	81011101	609
548	81011501	608
549	89005401	270
550	89004601	270
551	89011104	30
552	81012501	616
553	81012701	615
554	89011701	621
555	88880801	631
556	88880802	270
557	22122701	617
558	89021501	638
559	89021502	19
560	89021503	639
561	89021505	638
562	79109002	30
563	89022701	637
564	89025201	641
565	89025202	641
566	89015201	626
567	81011101	642
568	20230315	648
569	89015401	632
570	89025301	625
571	89025302	625
572	89025303	624
573	89018001	647
574	89006401	650
575	89006402	650
576	88880803	270
577	20230315	649
578	89022301	19
579	88880804	651
580	88880805	652
581	99825602	653
582	99825603	654
583	99825604	655
584	99825605	656
585	88880806	270
586	89017401	662
587	89017402	30
588	89022302	19
589	89016101	644
590	88880807	663
591	88880808	270
592	88880809	270
593	202303151	664
594	99826001	30
595	99826301	665
596	99826301	545
597	79201201	665
598	79201201	545
599	99826501	19
600	88881101	270
601	79201203	545
602	20230406	684
603	79210702	672
604	79210703	270
605	20230407	684
606	2023040601	270
607	79210805	742
608	20230410	697
609	20230411	694
610	79210705	673
611	88880810	706
612	88880811	270
613	80602101	701
614	80602102	701
615	80602103	701
616	80600501	703
617	80600502	703
618	80600503	703
619	80600504	703
620	80600305	704
621	80600301	705
622	80600302	705
623	80600303	705
624	99829701	689
625	99829702	689
626	99829703	689
627	80602104	19
628	79210201	671
629	88880812	270
630	50501001	710
631	99829001	680
632	99829101	681
633	99829201	682
634	99829301	683
635	99827201	714
636	998329001	715
637	998329002	692
638	998329003	692
639	998329004	715
640	998329005	699
641	40103001	721
642	40103002	722
643	99831901	716
644	20140612	723
645	8092720	19
646	99833401	724
647	99833402	697
648	79210801	711
649	79210802	708
650	79210803	270
651	998329006	699
652	99833702	741
653	99832401	674
654	99832402	675
655	99832403	674
656	99832404	685
657	99832404	674
658	99832501	700
659	99832502	707
660	99832601	686
661	99832602	691
662	99832403	700
663	99832403	707
664	99832403	685
665	99832403	686
666	99832403	725
667	99832701	725
668	89021506	270
669	89021506	122
670	99833701	726
671	99831901	732
672	99831902	732
673	99829704	733
674	99829705	733
675	99833403	724
676	89025901	735
677	89025902	735
678	89026201	735
679	89026202	735
680	998329003	693
681	89026203	735
682	89025903	735
683	99829706	734
684	99826901	736
685	99827001	737
686	99827002	19
687	80600306	704
688	998329007	699
689	99834801	19
690	79210804	270
691	99831901	744
692	50501101	743
693	80602105	270
694	20230510	749
695	202305101	747
696	20230510	748
697	202305101	748
698	79109901	120
699	998001069	750
700	998001070	750
701	99838701	757
702	99838702	36
703	99838703	270
704	120203161	758
705	120203161	146
706	120203161	32
707	120203161	277
708	120203161	276
709	120203161	280
710	120203161	281
711	120203161	282
712	120203161	283
713	120203161	284
714	120203161	512
715	120203161	513
716	120203161	115
717	120203161	116
718	120203161	152
719	99835201	429
720	99838704	757
721	99835302	431
722	99835301	429
723	89018601	759
724	89139603	761
725	89139603	420
726	88881201	774
727	88881202	775
728	88881203	19
729	88881204	19
730	88881205	780
731	88881501	778
732	88881502	777
733	99846701	786
734	99844502	789
735	99844501	787
736	99839602	770
737	99839603	771
738	89334602	791
739	2505531	19
740	2505532	792
741	99844502	787
742	79110001	760
743	79110301	781
744	998478001	784
745	998478002	270
746	2023072501	782
747	99850901	793
748	2023072502	782
749	88881503	794
750	99850601	772
751	99846201	790
752	99846202	790
753	99850602	270
754	99850603	772
755	99826502	19
756	998478001	24
757	79110301	122
758	89027202	795
759	89027302	795
760	89027401	797
761	89027601	796
762	89027602	796
763	88881209	19
764	998515001	799
765	998478003	270
766	891396005	270
767	99839604	803
768	99851701	801
769	99848001	806
770	99848002	807
771	99851801	804
772	99850604	772
773	99839601	795
774	89106203	270
775	89008601	19
776	88881504	19
777	88881505	19
778	89008602	640
779	99849701	30
780	99849702	30
781	99849703	30
782	99849704	30
783	89318701	270
784	89319701	270
785	89320701	270
786	99852201	810
787	99852202	270
788	99852203	811
789	99852204	270
790	89297403	814
791	892974005	270
792	89297403	468
793	89029101	815
794	99990501	19
795	89028901	819
796	88881801	812
797	99844301	818
798	99853101	823
799	99852601	19
800	99852602	19
801	99852603	821
802	99852604	822
803	88881802	812
804	99852605	822
805	99850605	122
806	99850605	270
807	89266699	19
808	88881803	826
809	88881804	826
810	99854001	827
811	99854002	270
812	99854201	828
813	99854101	829
814	88881805	19
815	89297406	270
816	99853701	30
817	99853702	606
818	998545001	799
819	99858501	833
820	99858301	830
821	99858502	270
822	99856301	30
823	99856302	30
824	89029501	837
825	89029501	838
826	89029501	840
827	88882001	841
828	88882002	270
829	89000601	19
830	89297404	468
831	99855901	845
832	99855901	846
833	99859501	831
834	99868101	839
835	99868102	839
836	99865501	836
837	99865502	836
838	2023031401	270
839	88880403	398
840	20230314	600
841	99871101	857
842	99869401	842
843	99869601	843
844	99871102	848
845	99869801	270
846	99870201	844
847	99867701	38
848	99872401	137
849	890982	850
850	99855901	849
851	99869402	270
852	99870901	851
853	99855902	849
854	99858503	854
855	99857601	847
856	99855903	856
857	99858302	832
858	99873901	858
859	99873902	1958
860	99873903	30
861	20120406	859
862	20120406	276
863	20120406	278
864	20120406	32
865	20120406	146
866	20120406	284
867	20120406	277
868	20120406	281
869	20120406	283
870	20120406	282
871	20120406	280
872	20120406	512
873	20120406	513
874	20120406	485
875	20120406	115
876	20120406	116
877	20120406	152
878	20120406	288
879	20120406	481
880	20120406	482
881	20120406	483
882	20120406	484
883	20120406	541
884	99859601	862
885	99859602	857
886	99858401	861
887	2024040301	863
888	81015301	864
889	81015302	864
890	99878901	866
891	99878902	865
892	99879701	866
893	81015501	867
894	81015501	868
895	81015501	869
896	99877201	870
897	20240407	873
898	2024040301	122
899	99880610	875
900	99880611	875
901	99878601	871
902	89036102	880
903	89036101	881
904	89036103	882
905	20240410	883
906	99881201	884
907	81015201	864
908	81015202	864
909	89030501	885
910	89030502	887
911	89030504	886
912	89030511	270
913	89030512	270
914	89030513	270
915	99881401	890
916	89030505	892
917	89030506	895
918	89030507	896
919	99881901	270
920	99882501	860
921	99875101	877
922	20240426	894
923	99880612	898
924	99880613	899
925	99880614	899
926	81015501	903
927	99883101	900
928	99883102	901
929	99883103	902
930	99883104	30
931	99883105	30
932	99883106	902
933	99883201	905
934	99883202	906
935	99926201	902
936	99926202	30
937	89289599	910
938	2024061401	911
939	2024061401	122
940	999261001	927
941	2024062601	922
942	2024062602	923
943	82002201	935
944	82002301	941
945	82002302	941
946	89036401	913
947	89036402	913
948	89036403	913
949	82003001	940
950	82003002	938
951	82003003	938
952	82003005	937
953	82003006	942
954	99913702	912
955	99913703	912
956	99913201	914
957	99912201	919
958	99916401	920
959	99916501	921
960	8200201	956
961	20240606	932
962	5112803	928
963	5112801	929
964	5112802	930
965	5112804	931
966	5112805	270
967	5122801	934
968	890391001	43
969	99919601	947
970	99929902	19
971	99929901	945
972	89334603	793
973	99949101	966
974	2024082101	968
975	99936101	907
976	99936102	907
977	99936110	61
978	99936110	270
979	88991201	915
980	88990902	270
981	88991202	915
982	88991101	918
983	88991001	270
984	88991203	36
985	88991501	963
986	88990903	122
987	99936103	908
988	20240726	368
989	99944101	951
990	99944102	951
991	99944103	964
992	99944104	964
993	99941601	924
994	99941602	924
995	20130427	1193
996	20130428	1193
997	20130508	1193
998	20130513	1194
999	20130514	1194
1000	20130515	1194
1001	20130516	1194
1002	201305151	1194
1003	316022021	1195
1004	316022022	1195
1005	707022021	1195
1006	707022022	1196
1007	20200427	1197
1008	202004272	1198
1009	202004273	1199
1010	202004274	1200
1011	202004275	1201
1012	201107281	1201
1013	202402112	1201
1014	202402111	1201
1015	202004276	1202
1016	202402161	1202
1017	20250806	1203
1018	20250813	1203
1019	20251126	1204
1020	20251127	1205
1021	20260121	1206
1022	99222222	1207
1023	99222223	1207
1024	1006	195
1025	88888880	541
1026	88888881	541
1027	88888882	541
1028	88888883	541
1029	88888884	541
1030	88888885	541
1031	88888886	541
1032	88888887	541
1033	88888888	541
1034	88888889	541
1035	88888890	541
1036	88888891	541
1037	88888892	541
1038	88888893	541
1039	88888894	541
1040	88888895	541
1041	88888896	541
1042	88888897	541
1043	88888898	541
1044	88888899	541
1045	202602161	981
1046	202602162	908
1047	20250829	19
1048	20220902	1199
1049	2023122205	1208
1050	2023122306	16
1051	418042021	1210
1052	202501281	1210
1053	202501291	1210